system_ID	Richness	E_var	visits_wild_insects	log_visits_wild_insects	visits_honey_bees	CV_visits_wild_insects	CV_visits_honey_bees	fruit_set	pollen_dep	CV_fruit_set	CV_pollen_dep
Acerola	-1,36533	2,24425	-1,34847	-1,38754	NA	0,52202	NA	-0,31564	NA	0,37022	NA
Acerola	0,19505	0,60607	-1,08852	-1,09126	NA	-0,92081	NA	-1,77000	NA	-0,88274	NA
Acerola	0,19505	-0,37319	-0,95855	-0,94683	NA	2,16416	NA	0,65926	NA	-0,82979	NA
Acerola	0,19505	-0,80043	0,21121	0,25491	NA	-0,28241	NA	1,52228	NA	-0,21282	NA
Acerola	-1,36533	-0,60631	0,27619	0,31703	NA	-0,68587	NA	0,37158	NA	-1,45511	NA
Acerola	0,19505	-0,39785	0,73110	0,73981	NA	-0,44964	NA	-0,87501	NA	0,93601	NA
Acerola	0,19505	-0,15739	0,92606	0,91487	NA	0,26407	NA	0,32363	NA	1,35742	NA
Acerola	1,75543	-0,51515	1,25099	1,19901	NA	-0,61151	NA	0,08391	NA	0,71682	NA
Almond	-1,40793	NA	-0,90177	NA	1,33651	NA	-0,95874	-0,21532	NA	0,45736	NA
Almond	-1,24015	-1,77981	-0,87670	-2,19967	0,77034	1,54416	-0,65447	-0,83913	NA	-0,23125	NA
Almond	-1,07236	-1,45115	-0,85162	-1,68561	0,03765	1,54416	-0,98934	-1,19791	NA	-0,58254	NA
Almond	-1,24015	-0,36037	-0,85162	-1,68561	-0,72835	1,54416	1,16159	-0,82414	NA	0,18577	NA
Almond	-0,73679	-0,70848	-0,75130	-0,87085	-0,26209	-0,70768	0,02492	-1,50041	NA	0,05411	NA
Almond	-0,56901	-0,61715	-0,67606	-0,57015	0,43730	-0,70768	0,43826	NA	NA	NA	NA
Almond	-0,90458	1,55526	-0,67606	-0,57015	-1,39443	0,04293	-0,38841	-0,42660	NA	1,80898	NA
Almond	-1,07236	-1,20453	-0,65098	-0,49201	1,26991	-1,15805	0,44839	-0,12834	NA	1,19446	NA
Almond	0,26991	0,08126	-0,60082	-0,35680	0,50391	0,41824	0,80189	-1,00146	NA	2,08109	NA
Almond	-0,56901	-0,52074	-0,42526	-0,01600	-0,12887	-1,65583	1,01004	NA	NA	NA	NA
Almond	-0,23344	-0,50878	-0,42526	-0,01600	1,83608	-0,23361	-0,91116	-0,40025	NA	0,03573	NA
Almond	-0,73679	-0,77158	-0,40018	0,02204	0,27078	1,54416	-1,11175	NA	NA	NA	NA
Almond	-0,23344	-0,07600	-0,40018	0,02204	-0,29539	0,53083	-0,38841	0,33398	NA	-0,25979	NA
Almond	0,26991	-0,20760	-0,27479	0,18753	0,17087	1,00372	0,38734	NA	NA	NA	NA
Almond	0,43770	0,95534	0,00109	0,45796	-0,86157	-0,70768	-0,27420	0,94703	NA	-1,38569	NA
Almond	0,60548	0,12880	0,15157	0,57228	1,10338	-0,06430	-1,02972	0,35046	NA	-0,97710	NA
Almond	0,94105	1,78608	0,17665	0,58973	-1,96061	0,44443	0,47959	-0,28760	NA	-0,30286	NA
Almond	1,27662	2,06393	0,17665	0,58973	-1,72748	0,44443	0,21437	0,91949	NA	-0,77197	NA
Almond	0,94105	0,22657	0,87888	0,96164	1,03678	-0,07336	-0,69298	-0,87749	NA	0,27276	NA
Almond	0,60548	-0,10571	1,10459	1,05015	-0,59513	-0,82028	-0,41986	2,14483	NA	-1,86225	NA
Almond	1,44441	0,07551	1,55602	1,20066	0,30408	-0,59279	0,08720	1,30197	NA	-0,03123	NA
Almond	1,94776	0,41937	1,95730	1,31281	-0,06226	-1,47805	-0,59842	0,16084	NA	0,90100	NA
Almond	1,27662	1,01978	2,75984	1,49630	-1,06139	-0,86192	3,36390	1,54006	NA	-0,58655	NA
Annato	-1,87083	-0,80445	-1,00667	-1,08251	NA	-0,71109	NA	-1,34401	NA	-0,32465	NA
Annato	-0,26726	-0,53727	-1,00667	-1,08251	NA	1,72850	NA	-0,21943	NA	-0,93465	NA
Annato	0,26726	1,30275	-0,37599	-0,26597	NA	-0,05621	NA	-0,24686	NA	0,20307	NA
Annato	0,80178	-0,85978	0,08490	0,21841	NA	-1,19881	NA	0,00000	NA	1,82891	NA
Annato	0,26726	1,23167	0,86113	0,89399	NA	0,25681	NA	0,05486	NA	0,02375	NA
Annato	0,80178	-0,33292	1,44330	1,31859	NA	-0,01920	NA	1,75544	NA	-0,79644	NA
Blueberry_A	-1,31798	-1,38343	-0,79342	-2,13325	-0,29115	1,91203	0,07951	NA	-0,68856	NA	0,26483
Blueberry_A	-1,11347	-1,37966	-0,76949	-1,61660	0,41141	1,91203	-1,02212	NA	-0,00448	NA	-0,93269
Blueberry_A	-1,11347	-1,13538	-0,69773	-0,93363	0,41141	1,91203	-0,72442	NA	0,03112	NA	-0,49660
Blueberry_A	-0,90895	-1,03213	-0,69773	-0,93363	0,73420	0,41343	0,82622	NA	0,36623	NA	0,98479
Blueberry_A	-0,49992	-0,94239	-0,69773	-0,93363	1,56967	0,41343	-0,57589	NA	1,15212	NA	-0,48108
Blueberry_A	-0,49992	-1,00384	-0,62596	-0,58330	2,65199	0,16372	-0,38702	NA	2,20910	NA	-0,28888
Blueberry_A	-0,29541	0,52649	-0,50635	-0,22142	-1,12662	-0,20355	0,77135	NA	-1,35697	NA	0,95074
Blueberry_A	-0,09090	0,54038	-0,29105	0,17071	-0,57597	-0,98139	-0,01073	NA	-0,64212	NA	0,05518
Blueberry_A	0,31813	0,52617	-0,17144	0,32336	-0,71838	-0,19034	2,94666	NA	-0,79957	NA	2,82238
Blueberry_A	0,11362	-0,02338	-0,12360	0,37662	0,74370	-0,31395	-0,99282	NA	0,66281	NA	-0,78434
Blueberry_A	-0,70444	0,08668	-0,02791	0,47293	-0,81332	-0,60253	-1,15962	NA	-0,86205	NA	-0,86851
Blueberry_A	-0,70444	-0,64640	-0,00399	0,49518	-0,39558	-0,12043	-0,01253	NA	-0,47349	NA	0,26297
Blueberry_A	0,52265	1,18328	0,01994	0,51679	-0,66142	-0,87435	0,72086	NA	-0,63824	NA	0,58779
Blueberry_A	1,34071	1,69344	0,11562	0,59745	-0,58546	-1,02591	-1,07105	NA	-0,47015	NA	-1,07406
Blueberry_A	0,72716	0,59968	0,28308	0,72049	-0,29115	0,12856	0,29836	NA	-0,12014	NA	0,85670
Blueberry_A	0,52265	0,23400	0,47445	0,84001	0,04114	-1,16865	0,28508	NA	0,27959	NA	0,07080
Blueberry_A	1,34071	1,64969	1,02466	1,10448	-1,43992	-0,64523	0,65212	NA	-0,77945	NA	-0,72345
Blueberry_A	2,36328	0,50679	3,48863	1,73741	0,33545	-0,72890	-0,62396	NA	2,13426	NA	-1,20656
Blueberry_B	-1,07728	NA	-0,94275	-1,86667	0,39761	1,98968	-0,25652	1,09464	NA	-0,61382	NA
Blueberry_B	-1,93911	NA	-0,88562	-1,30361	-0,92104	1,98968	NA	0,18770	NA	-0,30154	NA
Blueberry_B	-1,07728	NA	-0,79991	-0,84903	2,06107	-0,68847	-0,67001	-0,37787	NA	-1,22860	NA
Blueberry_B	-0,21546	NA	-0,59993	-0,28597	-0,27336	0,20425	-0,54635	-0,47771	NA	1,21573	NA
Blueberry_B	-0,38782	NA	-0,57136	-0,22993	0,49547	-0,09333	-0,35077	0,94627	NA	-1,12091	NA
Blueberry_B	0,30164	NA	-0,51423	-0,12825	-0,53429	-0,21586	2,05480	0,31708	NA	0,43669	NA
Blueberry_B	0,30164	NA	-0,48566	-0,08182	1,66501	-0,78766	-0,81640	0,67589	NA	-0,39677	NA
Blueberry_B	0,64637	NA	0,22855	0,62557	-0,86512	0,10044	-0,82642	0,36590	NA	-0,32226	NA
Blueberry_B	1,16346	NA	0,37139	0,71492	0,06213	-0,22352	-0,37834	-0,48204	NA	0,24133	NA
Blueberry_B	-0,04309	NA	0,59993	0,84014	-0,36655	-1,02324	0,34195	-2,72638	NA	1,63382	NA
Blueberry_B	0,99110	NA	1,31414	1,13997	-0,85114	-0,63337	1,76891	0,36034	NA	-0,99753	NA
Blueberry_B	1,33583	NA	2,28546	1,42467	-0,86978	-0,61861	-0,32084	0,11620	NA	1,45388	NA
Blueberry_C	-1,63998	1,16356	-1,24369	-1,87477	-1,43712	0,70912	2,46313	NA	-0,74345	NA	-0,17738
Blueberry_C	-0,66814	0,09758	-1,01027	-1,18365	-0,92953	0,21963	-0,40345	NA	-1,29845	NA	1,92668
Blueberry_C	-1,31603	0,24272	-0,95921	-1,06583	-0,76033	-0,65178	-0,52074	NA	-0,62196	NA	0,03461
Blueberry_C	-0,66814	1,64741	-0,90815	-0,95622	-0,77725	-0,20827	-0,38761	NA	0,66752	NA	-0,04135
Blueberry_C	-0,66814	-0,66028	-0,73309	-0,62961	-0,26966	-1,08738	1,75347	NA	-1,54420	NA	1,15698
Blueberry_C	-0,66814	-0,56583	-0,59449	-0,41190	0,03490	0,20808	0,26653	NA	-0,98920	NA	2,24227
Blueberry_C	0,95159	0,21025	-0,57261	-0,38012	-0,01586	0,19952	-1,00400	NA	-0,00621	NA	-0,38545
Blueberry_C	1,27554	2,02922	-0,47778	-0,24938	0,11950	-1,04500	-0,32111	NA	0,97401	NA	-0,70387
Blueberry_C	0,30370	0,66908	-0,01824	0,26465	-0,11738	-0,05245	-0,24995	NA	-0,43696	NA	-0,22500
Blueberry_C	-0,02025	-1,12270	0,06200	0,33941	1,42231	-0,34055	1,37351	NA	1,03476	NA	-0,78061
Blueberry_C	0,95159	-0,12657	0,36107	0,59040	2,13294	0,35091	-0,41666	NA	1,40476	NA	-0,62541
Blueberry_C	-0,66814	-0,24899	0,40484	0,62398	-0,74341	3,11787	-0,41390	NA	-0,74345	NA	0,55626
Blueberry_C	-0,66814	-1,36847	0,67473	0,81662	-1,13256	0,35559	-0,24635	NA	-0,74345	NA	-1,03968
Blueberry_C	0,95159	-0,24061	1,46252	1,27282	0,45789	-0,30348	-0,65262	NA	0,66752	NA	-0,04135
Blueberry_C	0,95159	-0,25546	1,63759	1,35844	0,74552	-0,31247	-0,09938	NA	1,21976	NA	-0,92391
Blueberry_C	1,59948	-1,47093	1,91478	1,48515	1,27004	-1,15932	-1,14087	NA	1,15901	NA	-0,97280
Buckwheat_A	-1,14614	1,43293	-1,54011	-1,71424	-1,03938	1,62388	1,25143	0,04083	NA	-0,14648	NA
Buckwheat_A	-0,13484	-0,14160	-0,30290	0,01911	-0,15291	-0,62640	-0,59851	0,46272	NA	-0,77121	NA
Buckwheat_A	0,20226	-1,31849	0,14505	0,32276	1,45090	-0,85006	-0,75968	1,26379	NA	-0,68771	NA
Buckwheat_A	1,55066	-0,29293	0,65700	0,59921	0,48622	0,27064	-0,81059	-1,44283	NA	1,70330	NA
Buckwheat_A	-0,47194	0,32008	1,04096	0,77316	-0,74483	-0,41807	0,91736	-0,32452	NA	-0,09790	NA
Buckwheat_B	-1,12225	-0,63578	-1,47538	-1,68713	1,21361	1,75055	-0,80019	-0,49745	NA	0,15366	NA
Buckwheat_B	-0,22044	0,47647	-1,36689	-1,50301	1,21361	-0,90166	-1,05827	-1,23863	NA	0,78004	NA
Buckwheat_B	-0,22044	1,35060	-1,36689	-1,50301	0,09907	1,38958	-0,39311	-1,67081	NA	1,91435	NA
Buckwheat_B	0,38076	0,62872	-0,82447	-0,72723	0,65634	-0,68361	-0,24489	1,01642	NA	-0,18880	NA
Buckwheat_B	-0,82164	0,26766	-0,71599	-0,59452	1,02785	1,99364	-0,83383	-1,04507	NA	1,39339	NA
Buckwheat_B	0,68136	0,63430	-0,39054	-0,22983	-0,08669	-0,42875	-0,40109	0,58692	NA	-0,77930	NA
Buckwheat_B	-1,42285	-2,57678	0,04339	0,19358	1,39936	-0,07839	-0,72280	0,43787	NA	-0,98983	NA
Buckwheat_B	0,98197	0,65099	0,04339	0,19358	0,47058	-0,58807	-0,85570	-0,27253	NA	1,00694	NA
Buckwheat_B	0,08016	0,88841	0,36884	0,47441	-1,38698	-0,21952	1,64229	1,34807	NA	-0,63853	NA
Buckwheat_B	-0,52104	-0,08295	0,47733	0,56220	-1,57274	-1,01096	NA	-1,01747	NA	0,80868	NA
Buckwheat_B	-0,52104	-0,53380	0,58581	0,64737	-0,64396	0,52118	0,20474	0,22807	NA	-1,31470	NA
Buckwheat_B	-0,82164	-0,64777	0,69429	0,73006	-1,38698	-1,27197	1,64229	0,81415	NA	-0,30022	NA
Buckwheat_B	1,88377	0,60280	0,80278	0,81043	0,09907	-0,00847	0,70770	1,36172	NA	-1,28153	NA
Buckwheat_B	1,88377	0,27105	1,45368	1,25019	-0,45820	0,03904	-0,52945	0,77061	NA	-0,75289	NA
Buckwheat_B	-0,22044	-1,29393	1,67065	1,38291	-0,64396	-0,50258	1,64229	-0,82186	NA	0,18874	NA
Cherry_A	-1,76777	NA	-1,24088	NA	-0,57140	NA	-0,79496	-0,44577	NA	0,26797	NA
Cherry_A	-0,82496	0,71606	-0,87989	-1,52886	-0,57140	1,69778	0,51632	-0,50893	NA	1,64471	NA
Cherry_A	-0,35355	1,00366	-0,69940	-0,99028	-0,57140	-0,71258	-0,06780	-1,02786	NA	0,47668	NA
Cherry_A	0,11785	0,48463	-0,33842	-0,31175	-0,37549	0,81988	0,98157	1,26251	NA	-1,84651	NA
Cherry_A	0,11785	-1,52141	0,20305	0,31255	1,58358	0,29630	-1,51886	0,05553	NA	0,18708	NA
Cherry_A	1,53206	-1,03813	0,38354	0,46900	1,64888	-0,54560	0,21265	-1,22556	NA	-0,16095	NA
Cherry_A	0,58926	0,80592	0,74453	0,73555	-0,57140	-0,36445	1,46604	1,49302	NA	-0,71083	NA
Cherry_A	0,58926	-0,45072	1,82747	1,31379	-0,57140	-1,19132	-0,79496	0,39706	NA	0,14185	NA
Cherry_B	-1,07213	NA	-1,02421	-1,48983	NA	NA	NA	1,70924	NA	-0,29824	NA
Cherry_B	-1,07213	NA	-1,02421	-1,48983	NA	NA	NA	-0,32268	NA	1,73150	NA
Cherry_B	-1,07213	NA	-1,02421	-1,48983	NA	NA	NA	-0,57667	NA	0,63022	NA
Cherry_B	-1,07213	NA	-1,02421	-1,48983	NA	NA	NA	1,04403	NA	-0,47100	NA
Cherry_B	-1,07213	NA	-1,02421	-1,48983	NA	NA	NA	-0,08078	NA	0,02204	NA
Cherry_B	-0,36678	-1,57675	-0,75749	-0,67300	NA	NA	NA	-0,32268	NA	0,99223	NA
Cherry_B	-1,07213	1,20337	-0,75749	-0,67300	NA	NA	NA	-1,33863	NA	-1,31312	NA
Cherry_B	0,33857	NA	-0,75749	-0,67300	NA	NA	NA	-0,32268	NA	1,73150	NA
Cherry_B	-1,07213	NA	-0,75749	-0,67300	NA	NA	NA	-0,83066	NA	1,73150	NA
Cherry_B	-0,36678	0,66706	-0,49077	-0,19519	NA	NA	NA	-1,33863	NA	-1,31312	NA
Cherry_B	0,33857	1,20337	-0,49077	-0,19519	NA	NA	NA	0,35463	NA	-0,88254	NA
Cherry_B	-0,36678	-0,11136	-0,22405	0,14382	NA	NA	NA	0,01598	NA	-0,23668	NA
Cherry_B	-0,36678	-0,11136	-0,22405	0,14382	NA	NA	NA	0,79488	NA	-0,12050	NA
Cherry_B	-1,07213	NA	-0,22405	0,14382	NA	NA	NA	-1,33863	NA	-1,31312	NA
Cherry_B	0,33857	0,72618	0,04268	0,40678	NA	NA	NA	-0,01225	NA	0,48326	NA
Cherry_B	-0,36678	1,01908	0,04268	0,40678	NA	NA	NA	-1,33863	NA	-1,31312	NA
Cherry_B	0,33857	-0,60744	0,30940	0,62164	NA	NA	NA	1,45525	NA	-0,48277	NA
Cherry_B	0,33857	-0,18730	0,57612	0,80329	NA	NA	NA	-0,35731	NA	0,16822	NA
Cherry_B	1,74926	0,34753	0,57612	0,80329	NA	NA	NA	0,94001	NA	-0,35605	NA
Cherry_B	1,04391	0,80031	0,57612	0,80329	NA	NA	NA	1,37059	NA	-0,65394	NA
Cherry_B	1,04391	-0,22792	0,84284	0,96065	NA	NA	NA	-1,33863	NA	-1,31312	NA
Cherry_B	1,04391	-0,11136	0,84284	0,96065	NA	NA	NA	0,18530	NA	0,63022	NA
Cherry_B	2,45460	0,66706	1,10956	1,09945	NA	NA	NA	1,81083	NA	-0,79652	NA
Cherry_B	0,33857	-1,67607	2,17645	1,53279	NA	NA	NA	0,99807	NA	-0,16163	NA
Cherry_B	1,04391	-2,02439	2,70990	1,70143	NA	NA	NA	0,46751	NA	0,43091	NA
Coffee_h_A	-1,54360	NA	-1,52424	-1,83135	NA	2,55189	NA	-2,33619	NA	1,47017	NA
Coffee_h_A	-1,26295	NA	-1,52424	-1,83135	NA	0,31794	NA	-0,85679	NA	0,50489	NA
Coffee_h_A	-0,98229	NA	-1,42955	-1,63165	NA	1,45361	NA	-0,62390	NA	1,16986	NA
Coffee_h_A	-1,26295	NA	-1,39799	-1,56898	NA	-0,27934	NA	-1,65749	NA	0,35403	NA
Coffee_h_A	-0,98229	NA	-1,27173	-1,33503	NA	-0,04918	NA	0,16348	NA	-0,33190	NA
Coffee_h_A	-0,98229	NA	-0,70360	-0,51461	NA	-1,43323	NA	-1,28708	NA	-0,12512	NA
Coffee_h_A	0,14033	NA	-0,64047	-0,44006	NA	-0,49111	NA	1,08395	NA	-0,23342	NA
Coffee_h_A	-0,14033	NA	-0,54578	-0,33283	NA	0,13400	NA	0,44961	NA	-0,14220	NA
Coffee_h_A	-0,42098	NA	-0,29327	-0,07046	NA	-0,92669	NA	0,08585	NA	-1,60009	NA
Coffee_h_A	-0,42098	NA	-0,26171	-0,03980	NA	-0,94062	NA	-0,02504	NA	0,78660	NA
Coffee_h_A	-0,14033	NA	-0,23015	-0,00956	NA	-0,90481	NA	0,25886	NA	-1,61334	NA
Coffee_h_A	-0,70164	NA	-0,07233	0,13559	NA	-0,15310	NA	0,09916	NA	-0,19355	NA
Coffee_h_A	-0,14033	NA	0,11705	0,29781	NA	-0,09001	NA	0,03706	NA	0,74835	NA
Coffee_h_A	-0,14033	NA	0,24330	0,39957	NA	-0,53729	NA	-0,63721	NA	1,25791	NA
Coffee_h_A	-0,42098	NA	0,30643	0,44870	NA	-0,74542	NA	0,13021	NA	-0,29012	NA
Coffee_h_A	0,14033	NA	0,40112	0,52037	NA	-1,00221	NA	-1,25825	NA	2,19506	NA
Coffee_h_A	0,14033	NA	0,49580	0,58975	NA	0,29634	NA	0,02375	NA	0,85436	NA
Coffee_h_A	0,42098	NA	0,68518	0,72215	NA	0,30302	NA	-0,55515	NA	0,36515	NA
Coffee_h_A	1,26295	NA	0,77987	0,78543	NA	0,73437	NA	1,19485	NA	-1,27243	NA
Coffee_h_A	1,54360	NA	1,15863	1,02151	NA	-0,60947	NA	1,28135	NA	-0,92494	NA
Coffee_h_A	1,26295	NA	1,15863	1,02151	NA	-0,92836	NA	1,19485	NA	-0,97665	NA
Coffee_h_A	1,26295	NA	1,37957	1,14818	NA	0,80572	NA	0,75125	NA	-0,25559	NA
Coffee_h_A	2,10491	NA	1,41114	1,16569	NA	0,31794	NA	1,42330	NA	-1,13994	NA
Coffee_h_A	1,26295	NA	1,75833	1,34943	NA	2,17601	NA	1,05955	NA	-0,60710	NA
Coffee_h_B	NA	NA	-0,73498	NA	-1,31084	NA	0,51802	-1,62449	0,34463	-1,09947	0,03773
Coffee_h_B	NA	NA	-0,73498	NA	-0,70666	NA	-0,38934	-0,09322	-1,47958	1,17873	-0,04138
Coffee_h_B	-0,68596	-1,16591	-0,70122	-1,28584	-1,02743	0,76632	1,54364	-0,32655	-1,24486	2,00008	-0,23157
Coffee_h_B	-0,68596	0,28191	-0,65909	-0,80933	-0,60035	0,76632	0,96065	1,60527	-0,13589	-0,94590	-0,69368
Coffee_h_B	-0,44386	-0,59092	-0,65734	-0,79591	1,59211	0,76632	-0,30610	-0,54534	-0,13071	0,41530	0,30692
Coffee_h_B	NA	NA	-0,64497	-0,70893	0,96546	0,76632	0,20983	-0,33551	0,03423	-0,27800	2,40502
Coffee_h_B	-0,44386	-1,48531	-0,62199	-0,57518	0,99014	0,76632	-1,94229	-0,63768	0,22604	-0,08070	1,08304
Coffee_h_B	-0,20175	-0,31582	-0,56432	-0,33261	-0,75885	0,76632	-1,06915	-0,77288	-0,86518	-0,25521	0,52143
Coffee_h_B	1,25087	0,54402	0,84767	0,97747	1,36200	-0,86837	-1,00061	-0,49651	0,04656	-0,17867	-1,03027
Coffee_h_B	1,00877	0,08128	1,29449	1,12375	-0,61651	-1,09458	-0,02503	1,67102	0,30321	-1,51820	-1,03203
Coffee_h_B	1,49298	1,53789	1,58276	1,20187	0,28113	-1,15494	0,53374	0,83116	2,45139	-0,14723	-0,92168
Coffee_h_B	1,49298	1,11286	1,59397	1,20471	-0,17019	-1,48002	0,96663	0,72474	0,45016	0,90927	-0,40353
Coffee_h_C	-1,16657	-1,57938	-1,20654	-1,63103	1,30851	1,48007	0,47158	-0,67779	NA	NA	NA
Coffee_h_C	-1,16657	-1,56744	-1,20654	-1,63103	1,21891	1,48007	0,31109	-0,17986	NA	NA	NA
Coffee_h_C	-1,16657	-0,85207	-1,20654	-1,63103	-1,49891	1,48007	0,07934	-3,30142	NA	NA	NA
Coffee_h_C	-1,16657	-0,71351	-1,10105	-1,07106	0,35279	1,48007	0,48749	0,49279	NA	NA	NA
Coffee_h_C	-0,54440	-1,00711	-0,99556	-0,74350	0,47226	0,14846	0,39773	-1,05998	NA	NA	NA
Coffee_h_C	-0,54440	-0,48320	-0,46811	0,04888	0,35279	0,40182	0,34295	0,23072	NA	NA	NA
Coffee_h_C	-0,54440	-0,44569	-0,46811	0,04888	-0,66265	-0,69838	-0,25180	0,49279	NA	NA	NA
Coffee_h_C	-0,23331	-0,37359	0,05934	0,44111	0,11386	-0,57454	-0,34859	0,49279	NA	NA	NA
Coffee_h_C	-0,23331	1,05431	0,05934	0,44111	-1,76770	-0,64165	-1,72643	0,49279	NA	NA	NA
Coffee_h_C	1,63320	0,81426	0,27032	0,55671	0,95012	0,14846	0,74843	0,49279	NA	NA	NA
Coffee_h_C	0,38886	1,08844	0,37581	0,60885	-1,64824	-0,10933	1,75521	0,49279	NA	NA	NA
Coffee_h_C	0,07777	0,43133	0,79777	0,78912	-0,09520	-1,11753	0,57544	0,06038	NA	NA	NA
Coffee_h_C	1,01103	0,51107	0,79777	0,78912	0,89038	-1,40602	-2,47270	0,49279	NA	NA	NA
Coffee_h_C	1,01103	0,55340	1,00875	0,86612	0,50212	-0,96407	0,02690	0,49279	NA	NA	NA
Coffee_h_C	1,01103	0,95707	1,43071	1,00108	0,35279	-0,65888	0,44586	0,49279	NA	NA	NA
Coffee_h_C	1,63320	1,61210	1,85267	1,11668	-0,84185	-0,44861	-0,84250	0,49279	NA	NA	NA
Coffee_l_A	-1,25141	NA	-1,63947	-2,12318	NA	-0,18878	NA	-1,16877	NA	1,60017	NA
Coffee_l_A	-1,25141	NA	-1,25773	-1,40626	NA	1,26092	NA	-1,67625	NA	0,81819	NA
Coffee_l_A	-0,73713	NA	-0,85590	-0,80747	NA	-1,60904	NA	0,77982	NA	-0,54274	NA
Coffee_l_A	-0,73713	NA	-0,75544	-0,67565	NA	0,73022	NA	-0,20028	NA	0,49241	NA
Coffee_l_A	-0,73713	NA	-0,49425	-0,35911	NA	0,48398	NA	-0,00271	NA	-0,00303	NA
Coffee_l_A	-0,47999	NA	-0,29334	-0,13762	NA	-0,56253	NA	-0,07438	NA	-0,33937	NA
Coffee_l_A	-0,73713	NA	-0,23306	-0,07441	NA	0,73022	NA	-0,84917	NA	1,49734	NA
Coffee_l_A	0,54857	NA	-0,11251	0,04793	NA	-0,17406	NA	0,41955	NA	-0,26318	NA
Coffee_l_A	-0,22285	NA	-0,05224	0,10717	NA	-1,60904	NA	-0,84723	NA	0,02984	NA
Coffee_l_A	0,29143	NA	0,22904	0,36835	NA	0,63132	NA	-1,43801	NA	1,67822	NA
Coffee_l_A	2,34854	NA	0,28932	0,42132	NA	1,64707	NA	1,36091	NA	-1,18056	NA
Coffee_l_A	1,06284	NA	0,59069	0,67226	NA	0,70359	NA	0,89217	NA	-0,88983	NA
Coffee_l_A	0,80570	NA	0,93225	0,93213	NA	-0,07953	NA	0,77595	NA	-0,92183	NA
Coffee_l_A	0,29143	NA	1,79619	1,49944	NA	-0,92340	NA	1,31443	NA	-1,02240	NA
Coffee_l_A	0,80570	NA	1,85646	1,53509	NA	-1,04094	NA	0,71397	NA	-0,95321	NA
Coffee_l_B	NA	NA	-0,56300	NA	NA	NA	NA	1,53117	0,00652	-1,51059	0,29314
Coffee_l_B	NA	NA	-0,56100	-1,86069	NA	1,65079	NA	0,31892	NA	0,21400	NA
Coffee_l_B	NA	NA	-0,55947	-1,59827	NA	1,91077	NA	-2,27449	-0,83468	2,58694	-0,84409
Coffee_l_B	-1,06239	NA	-0,55050	-1,01398	NA	0,11029	NA	1,15723	-0,12049	-1,18981	-0,40987
Coffee_l_B	NA	NA	-0,54900	-0,96162	NA	1,65079	NA	-1,27274	-0,77882	0,82527	0,36297
Coffee_l_B	NA	NA	-0,53900	-0,71258	NA	0,99897	NA	0,33347	-0,93095	-0,37910	-0,06657
Coffee_l_B	1,28605	NA	-0,52300	-0,47657	NA	-0,85329	NA	0,06687	-0,69026	-0,99160	0,31265
Coffee_l_B	-0,27958	NA	-0,49500	-0,23140	NA	-0,34271	NA	-1,16590	-0,65720	1,24536	-0,11183
Coffee_l_B	-1,06239	NA	-0,48700	-0,18001	NA	-0,17697	NA	0,40810	NA	-0,47885	NA
Coffee_l_B	-1,06239	NA	-0,47100	-0,09173	NA	-0,13217	NA	0,26825	-0,44735	-0,50378	-0,49621
Coffee_l_B	0,50324	NA	-0,42501	0,09560	NA	-0,33977	NA	-0,78695	0,86788	0,77019	NA
Coffee_l_B	-1,06239	NA	-0,33301	0,33162	NA	-1,21799	NA	0,26806	0,87301	-0,63720	0,59322
Coffee_l_B	-0,27958	NA	-0,32701	0,34352	NA	-0,51436	NA	-0,21626	-0,55901	-0,03147	0,73264
Coffee_l_B	2,06886	NA	-0,28101	0,42580	NA	-0,36665	NA	-0,14386	-0,61024	1,20095	-1,24518
Coffee_l_B	-0,27958	NA	-0,25552	0,46579	NA	-0,08553	NA	-0,73973	-0,93532	-0,53434	-0,25485
Coffee_l_B	-0,27958	NA	0,95093	1,20229	NA	0,82157	NA	-0,71891	0,52215	-0,14120	3,09366
Coffee_l_B	0,50324	NA	1,06892	1,23697	NA	-1,07643	NA	0,53987	0,17374	0,02887	-0,95174
Coffee_l_B	-0,27958	NA	1,90688	1,42844	NA	-0,81863	NA	1,78306	1,41332	-0,89310	-0,66576
Coffee_l_B	1,28605	NA	2,99282	1,59681	NA	-1,21869	NA	0,64384	2,70770	0,41944	-0,34219
Coffee_l_C	-0,33649	0,29100	-1,39417	-3,80119	-0,13471	0,11087	1,45498	0,00444	NA	0,06115	NA
Coffee_l_C	-0,33649	-0,10830	-1,07395	-0,93342	-0,78092	0,81803	-0,55658	-0,20316	NA	1,74731	NA
Coffee_l_C	0,08012	-0,14938	-1,05255	-0,87895	-1,12557	-0,92508	0,15036	0,81174	NA	-0,87102	NA
Coffee_l_C	-0,12819	-0,45039	-1,03524	-0,83725	0,09984	0,31113	-1,01801	0,60414	NA	0,63092	NA
Coffee_l_C	0,91334	0,08476	-0,98812	-0,73287	-0,87905	-0,49998	-1,16883	0,95013	NA	1,06356	NA
Coffee_l_C	-0,12819	-0,50264	-0,91119	-0,58541	0,71254	-0,20433	-0,56934	0,85787	NA	-0,49524	NA
Coffee_l_C	-1,58633	3,65205	-0,82825	-0,45015	-0,87187	1,41781	-1,14889	-0,06476	NA	-1,15772	NA
Coffee_l_C	-1,79463	-0,41351	-0,78233	-0,38339	-1,72152	-0,88573	1,77925	-1,24111	NA	-0,51326	NA
Coffee_l_C	0,91334	-0,26225	-0,49649	-0,05396	-1,14711	-1,20303	-0,10181	-1,19498	NA	-0,04392	NA
Coffee_l_C	-0,33649	-0,15935	-0,49337	-0,05097	0,26977	0,65043	1,88120	-1,56403	NA	1,20417	NA
Coffee_l_C	0,91334	-0,40058	-0,48640	-0,04432	-0,26874	0,88028	-0,54707	-0,15702	NA	-0,79844	NA
Coffee_l_C	0,49673	-0,31583	-0,45899	-0,01868	-0,11078	1,78469	1,73544	-1,37951	NA	1,39491	NA
Coffee_l_C	0,70503	-0,25955	-0,36715	0,06216	-0,29028	-0,14120	0,18365	-1,05659	NA	0,44706	NA
Coffee_l_C	-1,16972	-0,68160	-0,33181	0,09137	-0,31421	-1,36606	0,44676	-0,06476	NA	0,96687	NA
Coffee_l_C	0,91334	-0,28954	0,02757	0,34345	-0,27975	-1,05063	-0,73716	1,43451	NA	-0,02340	NA
Coffee_l_C	-1,58633	1,25967	0,05283	0,35872	-1,33858	2,43427	-0,68046	-0,04170	NA	-1,13174	NA
Coffee_l_C	0,91334	-0,24775	0,12688	0,40196	0,39183	0,55642	-0,27975	-1,51790	NA	-0,72973	NA
Coffee_l_C	-0,12819	-0,33517	0,52667	0,60442	-0,61578	-0,07064	-0,75658	-1,17192	NA	2,44679	NA
Coffee_l_C	-1,58633	-0,37475	0,87118	0,74773	1,46167	-0,53396	-0,50316	0,83480	NA	-1,14741	NA
Coffee_l_C	0,91334	-0,45143	0,90700	0,76136	0,44449	-1,39268	-0,26909	-0,01863	NA	-0,94274	NA
Coffee_l_C	0,91334	-0,43685	0,90988	0,76245	0,63356	0,84728	-0,33621	1,08852	NA	-0,91132	NA
Coffee_l_C	0,70503	-0,41721	0,93176	0,77067	0,74126	-0,33970	-0,60398	1,84969	NA	-1,11956	NA
Coffee_l_C	-1,79463	2,56757	0,96710	0,78378	1,44970	-1,26937	-0,16756	0,09670	NA	-0,63946	NA
Coffee_l_C	0,70503	-0,41121	1,19572	0,86414	2,71101	0,62770	2,36542	1,61904	NA	0,13354	NA
Coffee_l_C	0,91334	-0,63545	1,48084	0,95499	1,12660	-0,25682	-0,34039	-0,08783	NA	0,09644	NA
Coffee_l_C	0,91334	-0,55231	2,70259	1,26335	-0,16343	-0,29969	-0,21220	-0,38768	NA	0,33222	NA
Coffee_l_D	-1,63381	NA	-0,56356	NA	NA	NA	NA	1,15343	-0,96185	NA	NA
Coffee_l_D	-1,63381	NA	-0,56356	NA	NA	NA	NA	-0,29046	-0,04133	NA	NA
Coffee_l_D	-0,77537	NA	-0,54885	-1,72372	NA	NA	NA	-0,47426	-1,02338	NA	NA
Coffee_l_D	-0,77537	NA	-0,54689	-1,64371	NA	NA	NA	-0,00774	NA	NA	NA
Coffee_l_D	0,08308	NA	-0,54504	-1,57636	NA	NA	NA	-1,98290	-0,26006	NA	NA
Coffee_l_D	-0,77537	NA	-0,52652	-1,13327	NA	NA	NA	-2,00721	-0,84815	NA	NA
Coffee_l_D	-1,63381	NA	-0,52189	-1,05797	NA	NA	NA	-0,07274	-0,79262	NA	NA
Coffee_l_D	0,94152	NA	-0,51726	-0,99062	NA	NA	NA	0,40286	-0,31840	NA	NA
Coffee_l_D	-1,63381	NA	-0,51531	-0,96426	NA	NA	NA	-0,08157	-0,04288	NA	NA
Coffee_l_D	0,08308	NA	-0,50800	-0,87407	NA	NA	NA	-0,58166	-0,67449	NA	NA
Coffee_l_D	0,94152	NA	-0,48617	-0,66225	NA	NA	NA	0,92863	NA	NA	NA
Coffee_l_D	-0,77537	NA	-0,48022	-0,61488	NA	NA	NA	0,42183	-0,95972	NA	NA
Coffee_l_D	0,08308	NA	-0,48022	-0,61488	NA	NA	NA	0,05771	NA	NA	NA
Coffee_l_D	0,94152	NA	-0,40878	-0,21915	NA	NA	NA	1,14922	-0,42120	NA	NA
Coffee_l_D	-1,63381	NA	-0,40729	-0,21304	NA	NA	NA	0,47440	NA	NA	NA
Coffee_l_D	1,79996	NA	-0,34686	-0,00406	NA	NA	NA	-0,10742	NA	NA	NA
Coffee_l_D	0,08308	NA	-0,28971	0,14557	NA	NA	NA	-1,61559	1,78655	NA	NA
Coffee_l_D	0,08308	NA	-0,28018	0,16743	NA	NA	NA	1,50364	-0,81919	NA	NA
Coffee_l_D	-0,77537	NA	-0,22092	0,28883	NA	NA	NA	-0,84084	-0,71656	NA	NA
Coffee_l_D	0,08308	NA	-0,18387	0,35445	NA	NA	NA	-2,05620	-0,38951	NA	NA
Coffee_l_D	0,94152	NA	-0,00792	0,59786	NA	NA	NA	1,10049	-1,10238	NA	NA
Coffee_l_D	0,08308	NA	0,01060	0,61882	NA	NA	NA	0,06432	2,18556	NA	NA
Coffee_l_D	0,94152	NA	0,22578	0,82229	NA	NA	NA	1,43830	0,65321	NA	NA
Coffee_l_D	0,08308	NA	0,25138	0,84269	NA	NA	NA	-0,93841	NA	NA	NA
Coffee_l_D	0,94152	NA	0,30463	0,88315	NA	NA	NA	1,45425	1,12180	NA	NA
Coffee_l_D	1,79996	NA	0,56380	1,05014	NA	NA	NA	-0,34349	0,90420	NA	NA
Coffee_l_D	0,94152	NA	0,57550	1,05674	NA	NA	NA	0,03106	-0,08035	NA	NA
Coffee_l_D	0,08308	NA	0,64774	1,09605	NA	NA	NA	-0,24340	NA	NA	NA
Coffee_l_D	0,08308	NA	0,76303	1,15417	NA	NA	NA	0,24782	NA	NA	NA
Coffee_l_D	0,94152	NA	0,78387	1,16413	NA	NA	NA	0,27501	1,36297	NA	NA
Coffee_l_D	0,08308	NA	4,82268	2,04991	NA	NA	NA	0,94094	1,43778	NA	NA
Cotton	-1,03295	-0,57849	-1,51029	-1,61721	0,41590	0,22823	-0,88055	0,47310	NA	-0,47216	NA
Cotton	-2,38028	-1,75307	-1,34060	-1,40581	1,27637	-1,37477	-1,17358	0,47310	NA	-0,47216	NA
Cotton	1,21259	1,23869	-1,34060	-1,40581	0,70272	0,40369	-0,20622	0,47310	NA	-0,47216	NA
Cotton	0,76348	0,11046	-1,17090	-1,20072	0,98955	-1,04923	-1,34371	-3,31169	NA	3,32087	NA
Cotton	0,31438	-0,02634	-1,00120	-1,00158	-0,15775	1,53622	-0,83893	-1,41929	NA	1,41291	NA
Cotton	-1,48206	-1,05807	-0,83151	-0,80805	-0,44458	-0,19485	1,20353	-0,78850	NA	0,78203	NA
Cotton	0,31438	-0,16998	-0,49212	-0,43662	0,41590	-1,60174	-0,88055	0,47310	NA	-0,47216	NA
Cotton	1,21259	1,56468	-0,32242	-0,25817	-2,45236	0,03923	1,25172	0,47310	NA	-0,47216	NA
Cotton	1,21259	1,82154	-0,32242	-0,25817	0,98955	0,43807	-1,34371	0,47310	NA	-0,47216	NA
Cotton	-0,58384	-1,20407	-0,15273	-0,08424	-0,73141	0,45801	0,41822	0,47310	NA	-0,47216	NA
Cotton	-0,58384	1,18515	0,18667	0,25095	-0,15775	0,99440	1,93003	0,47310	NA	-0,47216	NA
Cotton	-0,13473	-0,94718	0,35636	0,41260	0,12907	0,61521	-0,80334	0,47310	NA	-0,47216	NA
Cotton	-0,58384	-0,85795	0,35636	0,41260	0,12907	-0,41106	1,53784	0,47310	NA	-0,47216	NA
Cotton	-0,13473	-0,79149	0,69575	0,72492	-0,44458	1,14313	0,50940	0,47310	NA	-0,47216	NA
Cotton	0,76348	-0,16597	0,69575	0,72492	1,27637	-0,45385	-0,08737	-0,15770	NA	0,15368	NA
Cotton	-1,03295	-0,13720	0,69575	0,72492	0,98955	-1,68545	0,44700	0,47310	NA	-0,47216	NA
Cotton	1,21259	0,12917	1,03514	1,02366	-0,44458	1,13928	0,09562	-1,41929	NA	1,41291	NA
Cotton	0,76348	0,48419	1,20484	1,16829	-1,01823	-1,32086	-0,40873	0,47310	NA	-0,47216	NA
Cotton	-0,13473	1,30273	1,54423	1,44874	-1,87871	1,21674	0,98720	0,47310	NA	-0,47216	NA
Cotton	0,31438	-0,14678	1,71393	1,58478	0,41590	-0,12041	-0,41386	0,47310	NA	-0,47216	NA
Cranberry	-0,61237	-0,92691	-1,55152	-2,37674	-0,57726	0,24858	-0,29257	NA	-1,24058	NA	-0,98565
Cranberry	-1,83712	-1,26422	-1,07336	-1,03278	0,68221	1,42614	-0,51753	NA	-0,02533	NA	-0,00842
Cranberry	0,00000	0,77627	-1,04680	-0,98368	-1,21573	-1,37203	-0,30200	NA	-1,71974	NA	-0,27442
Cranberry	-1,83712	0,45282	-1,03352	-0,95970	-0,31487	-1,43179	-0,68861	NA	-0,82068	NA	-1,06703
Cranberry	0,00000	-0,96097	-0,68818	-0,43935	2,19969	1,44884	0,85952	NA	1,51063	NA	1,40224
Cranberry	-0,61237	-0,04935	-0,62177	-0,35663	0,32799	0,62883	-0,26166	NA	0,05677	NA	0,52976
Cranberry	0,61237	0,74722	-0,54208	-0,26287	-0,56851	1,09501	-0,84162	NA	-0,89492	NA	0,36830
Cranberry	-1,22474	0,45214	-0,42254	-0,13211	0,38484	0,64792	-1,30300	NA	0,03047	NA	-0,76835
Cranberry	1,22474	-1,03904	0,01577	0,27042	1,11078	-0,28660	0,37402	NA	1,06418	NA	-0,87245
Cranberry	1,22474	-0,05230	0,38767	0,54520	-0,98396	0,70000	0,35251	NA	-0,45079	NA	2,12414
Cranberry	0,61237	-0,80048	0,67988	0,73135	1,06267	-1,02379	-0,96327	NA	1,34963	NA	-0,75432
Cranberry	0,00000	-0,79779	0,91896	0,86856	0,66472	-1,09889	0,92431	NA	1,39293	NA	0,06497
Cranberry	0,61237	1,08431	0,93224	0,87584	-1,13264	-0,30502	-0,24196	NA	-0,65964	NA	0,06876
Cranberry	0,61237	1,38010	1,10491	0,96746	-0,97958	-1,15643	2,83308	NA	-0,34008	NA	-0,83883
Cranberry	1,22474	1,93230	1,27758	1,05395	-1,02769	0,73225	-0,57149	NA	-0,26476	NA	1,68369
Cranberry	0,00000	-0,93409	1,66276	1,23106	0,36734	-0,25302	0,64028	NA	1,01190	NA	-0,67240
Cucumber	-1,79629	NA	-1,36710	-1,79180	NA	-0,47933	NA	-1,36929	NA	NA	NA
Cucumber	-0,16330	NA	-1,36710	-1,79180	NA	-0,47933	NA	1,79286	NA	NA	NA
Cucumber	-0,16330	NA	-1,11013	-1,29648	NA	0,12880	NA	-0,33448	NA	NA	NA
Cucumber	1,46969	NA	-1,11013	-1,29648	NA	0,12880	NA	1,34823	NA	NA	NA
Cucumber	0,65320	NA	-0,85315	-0,87770	NA	0,10849	NA	-0,82583	NA	NA	NA
Cucumber	-0,16330	NA	-0,85315	-0,87770	NA	0,10849	NA	-0,36738	NA	NA	NA
Cucumber	-0,16330	NA	-0,59618	-0,51494	NA	-0,13643	NA	-1,61772	NA	NA	NA
Cucumber	-0,97980	NA	-0,33921	-0,19496	NA	0,43506	NA	-1,44916	NA	NA	NA
Cucumber	-0,97980	NA	-0,33921	-0,19496	NA	-0,53111	NA	-0,19608	NA	NA	NA
Cucumber	-0,16330	NA	-0,33921	-0,19496	NA	-0,53111	NA	-0,12174	NA	NA	NA
Cucumber	-1,79629	NA	-0,33921	-0,19496	NA	-0,53111	NA	-0,65621	NA	NA	NA
Cucumber	0,65320	NA	-0,33921	-0,19496	NA	-0,53111	NA	-0,44138	NA	NA	NA
Cucumber	-0,16330	NA	-0,33921	-0,19496	NA	0,43506	NA	-0,55373	NA	NA	NA
Cucumber	-0,16330	NA	-0,08223	0,09128	NA	-1,16513	NA	-0,36003	NA	NA	NA
Cucumber	0,65320	NA	-0,08223	0,09128	NA	0,62175	NA	1,74610	NA	NA	NA
Cucumber	-0,16330	NA	-0,08223	0,09128	NA	-0,03648	NA	0,35357	NA	NA	NA
Cucumber	-0,16330	NA	0,17474	0,35021	NA	-0,60402	NA	-1,15880	NA	NA	NA
Cucumber	-0,97980	NA	0,43172	0,58659	NA	-0,86106	NA	0,75070	NA	NA	NA
Cucumber	1,46969	NA	0,43172	0,58659	NA	-0,86106	NA	0,38592	NA	NA	NA
Cucumber	-0,16330	NA	0,68869	0,80404	NA	1,35795	NA	0,67818	NA	NA	NA
Cucumber	-0,16330	NA	0,68869	0,80404	NA	0,25922	NA	1,79226	NA	NA	NA
Cucumber	0,65320	NA	1,45961	1,36814	NA	0,75629	NA	0,63646	NA	NA	NA
Cucumber	1,46969	NA	1,45961	1,36814	NA	-1,42231	NA	0,72501	NA	NA	NA
Cucumber	-0,97980	NA	1,45961	1,36814	NA	3,72118	NA	-0,70525	NA	NA	NA
Cucumber	2,28619	NA	2,74448	2,10690	NA	0,10849	NA	-0,05220	NA	NA	NA
Grapefruit	1,56296	-0,71089	NA	NA	2,07738	NA	0,54277	1,37072	-0,35021	-0,34974	0,30810
Grapefruit	0,26049	-0,69716	NA	NA	-0,87562	NA	-1,37573	-0,65485	0,65385	0,43130	-0,23452
Grapefruit	1,56296	-0,67507	NA	NA	1,23308	NA	0,45845	-0,18376	0,85719	0,22309	-0,05813
Grapefruit	0,26049	-0,63929	NA	NA	1,27140	NA	0,79757	-1,12142	-0,18062	1,08547	-0,01945
Grapefruit	1,56296	-0,61905	NA	NA	-0,38539	NA	1,06019	-0,70840	1,69737	0,29226	-0,67028
Grapefruit	1,56296	-0,61743	NA	NA	0,05527	NA	0,42814	-0,53178	-0,68061	-0,58924	2,34888
Grapefruit	0,26049	-0,35112	NA	NA	-0,78435	NA	-1,49542	0,90744	0,09630	-0,76441	-0,01311
Grapefruit	0,26049	-0,11948	NA	NA	-0,79146	NA	0,34074	-0,45489	0,12190	0,49235	-1,22554
Grapefruit	0,26049	0,07791	NA	NA	0,63649	NA	-0,13538	1,84921	0,36626	0,67693	-1,08614
Grapefruit	0,26049	0,45508	NA	NA	-0,31636	NA	1,91507	-1,49781	1,83825	NA	-0,10657
Grapefruit	0,26049	1,48048	NA	NA	-0,88235	NA	0,01947	0,47266	0,33489	-1,43065	-1,15619
Grapefruit	0,26049	2,41603	NA	NA	-1,33555	NA	1,66157	0,03455	-1,99520	-0,52478	2,17645
Grapefruit	-1,04198	NA	NA	NA	-1,20803	NA	0,05830	0,39194	-1,47568	-0,89032	-0,57963
Grapefruit	-1,04198	NA	NA	NA	-1,02796	NA	-0,40338	0,10825	0,42063	0,12303	-1,07586
Grapefruit	-1,04198	NA	NA	NA	-0,45805	NA	0,01836	-1,41464	-0,69562	3,08544	1,11775
Grapefruit	-1,04198	NA	NA	NA	-0,31729	NA	-1,66531	1,53642	0,06007	-0,83642	-0,41264
Grapefruit	-1,04198	NA	NA	NA	0,10172	NA	-0,74112	-1,49781	0,93002	NA	-0,48434
Grapefruit	-1,04198	NA	NA	NA	0,44780	NA	-1,50587	0,83504	-0,45005	-0,38952	0,76287
Grapefruit	-1,04198	NA	NA	NA	1,21667	NA	0,23764	0,08698	0,11973	-0,17011	-0,18305
Grapefruit	-1,04198	NA	NA	NA	1,34258	NA	-0,21606	0,47215	-1,66848	-0,46466	0,59143
Kiwi	-1,58114	-0,28926	-1,14563	-1,55273	-0,71590	1,33907	-0,10915	0,36000	-0,13558	0,96096	0,99308
Kiwi	-0,79057	-1,25327	-1,01747	-0,89861	1,58235	0,59757	-1,01967	-0,03122	-0,12700	-0,07008	0,26950
Kiwi	0,79057	-0,51896	-0,24540	0,22400	-0,73459	-0,36992	-0,70602	0,88580	0,77218	-1,15445	-1,39765
Kiwi	0,79057	0,40173	0,44461	0,61696	-0,91491	0,60085	1,41750	0,71963	1,48910	-1,16328	-1,06392
Kiwi	0,79057	1,70667	0,49927	0,64075	0,00398	-1,04685	1,03132	-1,88806	-1,27720	1,14222	0,86125
Kiwi	0,00000	-0,04692	1,46462	0,96962	0,77907	-1,12073	-0,61399	-0,04615	-0,72150	0,28463	0,33774
Longan	NA	NA	-0,47500	-0,79168	0,13732	NA	-1,37079	0,63404	NA	-0,96694	NA
Longan	NA	NA	-0,47440	-0,77830	1,33849	NA	-0,56385	-0,58465	NA	1,06230	NA
Longan	NA	NA	-0,46840	-0,66000	-1,48613	NA	NA	-1,28213	NA	1,28458	NA
Longan	NA	NA	-0,40843	-0,07166	0,49016	NA	1,13510	0,17513	NA	-0,07958	NA
Longan	NA	NA	-0,20391	0,56858	0,31937	NA	0,08756	-0,47676	NA	-0,18402	NA
Longan	NA	NA	2,03015	1,73306	-0,79921	NA	0,71198	1,53438	NA	-1,11634	NA
Macadamia	NA	NA	NA	NA	-1,11994	NA	0,06632	-1,28087	NA	0,25922	NA
Macadamia	NA	NA	NA	NA	-0,96497	NA	1,70292	0,30778	NA	-0,95862	NA
Macadamia	NA	NA	NA	NA	0,32278	NA	-0,46080	0,94706	NA	-1,06922	NA
Macadamia	NA	NA	NA	NA	0,60016	NA	-0,53737	-0,81384	NA	1,27585	NA
Macadamia	NA	NA	NA	NA	1,16197	NA	-0,77107	0,83987	NA	0,49276	NA
Mango_A	0,00000	1,48369	-0,66457	-0,81308	1,49855	-1,39090	0,45598	0,93939	NA	0,53793	NA
Mango_A	-1,38873	-0,67504	-0,55072	-0,55541	-0,56071	0,94856	NA	0,60519	NA	0,26258	NA
Mango_A	0,46291	-0,31486	-0,26316	-0,05537	-0,45956	0,03704	-1,14672	-1,30070	NA	0,67707	NA
Mango_A	0,92582	-0,49379	1,47845	1,42385	-0,47828	0,40530	0,69073	-0,24388	NA	-1,47758	NA
Mango_B	-1,04828	0,99155	-0,78147	-0,94262	NA	NA	NA	-0,60157	NA	NA	NA
Mango_B	0,10483	0,01668	-0,34546	-0,10628	NA	NA	NA	-0,55279	NA	NA	NA
Mango_B	0,94346	-1,00824	1,12693	1,04889	NA	NA	NA	1,15436	NA	NA	NA
Oilpalm	NA	NA	-1,48767	-1,74315	NA	-1,37522	NA	NA	-0,32400	NA	0,88035
Oilpalm	NA	NA	-0,40205	-0,20909	NA	0,84236	NA	NA	1,98014	NA	NA
Oilpalm	NA	NA	-0,30866	-0,11573	NA	-0,44118	NA	NA	-0,75225	NA	-1,37291
Oilpalm	NA	NA	-0,04949	0,12454	NA	0,10437	NA	NA	-0,00044	NA	NA
Oilpalm	NA	NA	1,10154	0,95827	NA	1,38759	NA	NA	-0,44506	NA	0,57703
Oilpalm	NA	NA	1,14633	0,98516	NA	-0,51793	NA	NA	-0,45840	NA	-0,08447
Onion	-1,73102	1,69377	-1,64818	-2,09875	-0,80636	2,05349	0,23442	NA	-0,92825	NA	0,57093
Onion	0,02748	0,72085	-0,69302	-0,42116	0,15667	-0,51696	-1,30873	NA	0,11571	NA	-1,11291
Onion	-0,85177	0,27916	-0,60445	-0,32565	-0,02702	-0,96729	-0,01476	NA	-0,09099	NA	0,25467
Onion	1,34635	-0,76100	-0,20433	0,04867	0,72808	-0,26741	-0,85217	NA	0,68696	NA	-0,68648
Onion	0,02748	-1,52777	-0,02969	0,18903	2,06790	0,09214	-0,56637	NA	2,10331	NA	-0,15531
Onion	0,68691	0,34889	0,93128	0,80257	-0,80209	-1,05289	0,19137	NA	-0,77618	NA	-0,12710
Onion	-0,41215	-0,04948	1,11142	0,89621	-0,59782	0,03398	2,01427	NA	-0,52575	NA	2,05464
Onion	0,90673	-0,70443	1,13697	0,90908	-0,71936	0,62494	0,30198	NA	-0,58481	NA	-0,79844
Passion_f	NA	-1,38629	-1,23679	-2,60928	-0,51006	1,52689	0,61653	-1,44476	NA	-0,75300	NA
Passion_f	NA	0,98029	-1,04893	-1,25674	-0,51006	0,08552	0,61653	0,05051	NA	0,85857	NA
Passion_f	NA	NA	-1,04893	-1,25674	-0,64169	-0,60177	NA	0,38870	NA	-1,35960	NA
Passion_f	NA	0,92389	-0,61057	-0,26977	-0,64169	0,43754	NA	-0,43745	NA	1,38573	NA
Passion_f	NA	0,97354	-0,42270	-0,03448	0,67460	0,65582	0,61653	NA	NA	NA	NA
Passion_f	NA	NA	-0,42270	-0,03448	-0,64169	0,17044	NA	NA	NA	NA	NA
Passion_f	NA	NA	-0,42270	-0,03448	-0,51006	1,07986	0,61653	0,02635	NA	0,68866	NA
Passion_f	NA	-0,10919	-0,17221	0,21071	-0,24680	0,52115	0,61653	NA	NA	NA	NA
Passion_f	NA	-0,08206	-0,17221	0,21071	-0,11517	0,52115	-0,51654	0,72205	NA	-0,13809	NA
Passion_f	NA	NA	-0,04697	0,31351	-0,64169	-0,36005	-2,73019	-0,79979	NA	NA	NA
Passion_f	NA	-0,63547	0,01566	0,36111	-0,11517	0,65582	0,61653	1,14720	NA	-1,11605	NA
Passion_f	NA	NA	0,01566	0,36111	-0,64169	-0,53758	NA	NA	NA	NA	NA
Passion_f	NA	0,78037	0,20352	0,49139	0,80622	-2,11594	-1,63321	-0,69834	NA	NA	NA
Passion_f	NA	-1,85215	1,14286	0,96507	3,04391	0,45029	-0,06823	NA	NA	NA	NA
Passion_f	NA	-0,41740	2,01957	1,26433	-0,51006	-0,43443	0,61653	-0,90125	NA	NA	NA
Passion_f	NA	0,82446	2,20744	1,31805	1,20111	-2,05472	-2,09772	1,94678	NA	0,43379	NA
Pigeonpea	-1,08562	0,95843	-0,97706	-1,42137	-1,03457	0,97720	0,25410	-1,49459	NA	2,54014	NA
Pigeonpea	-1,32687	0,05534	-0,82380	-1,04736	-0,42149	1,54997	1,85787	-0,36035	NA	-0,51666	NA
Pigeonpea	-0,60312	-0,47422	-0,64499	-0,68475	1,87756	-1,19056	-0,33207	-0,21858	NA	0,58584	NA
Pigeonpea	-1,08562	0,21945	-0,54281	-0,50382	-1,80092	1,27855	0,55939	0,56121	NA	0,65811	NA
Pigeonpea	0,36187	1,03780	-0,49172	-0,41918	-0,42149	-0,17552	0,33678	0,13587	NA	0,34593	NA
Pigeonpea	0,60312	0,80198	-0,38955	-0,25999	-0,26822	0,55276	-0,62055	-0,92747	NA	-0,41099	NA
Pigeonpea	-0,12062	1,48792	-0,26183	-0,07740	-0,42149	-1,44106	0,01140	-0,92747	NA	-0,62659	NA
Pigeonpea	-0,60312	-0,88839	-0,21074	-0,00881	0,49813	0,55814	0,77788	-0,64391	NA	0,34593	NA
Pigeonpea	0,36187	0,55388	-0,18519	0,02462	-0,11495	0,19421	0,21963	0,77388	NA	-1,09800	NA
Pigeonpea	0,36187	-1,42698	0,83657	1,04057	0,19159	-0,57244	0,33872	0,84477	NA	-0,80302	NA
Pigeonpea	1,08562	-1,02920	1,29636	1,36975	0,49813	-0,89765	-1,66186	0,06498	NA	-0,91792	NA
Pigeonpea	2,05062	-1,29602	2,39476	1,98772	1,41775	-0,83360	-1,74129	2,19167	NA	-0,10277	NA
Pumpkin	-0,25140	-0,69567	-0,56879	-1,30471	-0,12437	2,44723	-0,48174	-0,89105	NA	1,30762	NA
Pumpkin	-0,25140	-0,71545	-0,55537	-1,19024	0,20490	1,81598	-0,92166	0,89411	NA	-0,79078	NA
Pumpkin	-1,11333	0,95229	-0,54135	-1,08257	-0,44703	-0,60349	-1,44822	-0,60263	NA	0,04296	NA
Pumpkin	-1,11333	0,32725	-0,53986	-1,07175	1,19154	-1,09242	-0,66767	-0,61882	NA	-0,98690	NA
Pumpkin	0,61054	-0,03500	-0,53566	-1,04181	-0,07389	2,30039	0,47704	1,26754	NA	-1,47804	NA
Pumpkin	-0,25140	0,69510	-0,52900	-0,99599	-0,27198	0,13822	0,82026	0,74535	NA	1,13739	NA
Pumpkin	-0,25140	0,48585	-0,50170	-0,82652	-0,63035	0,19993	-0,55961	-0,99427	NA	0,70974	NA
Pumpkin	-1,11333	0,23791	-0,45711	-0,59736	-1,00229	-1,08853	0,81166	0,15333	NA	-1,00397	NA
Pumpkin	-1,11333	2,92972	-0,41007	-0,39966	-0,81737	-0,51727	-0,75411	-0,45690	NA	-0,79988	NA
Pumpkin	-0,25140	1,69903	-0,36215	-0,23021	-0,50862	-0,89945	0,32491	0,60569	NA	0,28423	NA
Pumpkin	-0,25140	0,10970	-0,32809	-0,12437	1,62366	-0,50820	-0,64051	1,16735	NA	0,18811	NA
Pumpkin	0,61054	-0,59194	-0,31643	-0,09045	1,25302	-1,10149	0,83001	0,21405	NA	1,10295	NA
Pumpkin	0,61054	-0,56084	-0,29595	-0,03336	-1,00891	0,01172	0,39755	-0,87587	NA	1,77030	NA
Pumpkin	-1,11333	-0,64761	-0,28890	-0,01439	1,15106	-0,16017	-0,74486	0,09281	NA	0,21985	NA
Pumpkin	1,47247	-1,13204	-0,17765	0,24707	1,09240	-0,24907	-1,30679	1,30701	NA	-0,29925	NA
Pumpkin	1,47247	-0,52855	-0,15959	0,28402	-0,04484	0,19091	0,03169	NA	NA	NA	NA
Pumpkin	-1,11333	1,22291	-0,15767	0,28789	1,77683	0,17060	0,34769	0,42353	NA	-0,64030	NA
Pumpkin	-1,11333	0,46777	-0,13833	0,32595	-1,03221	0,43551	0,54093	-2,20057	NA	-1,04287	NA
Pumpkin	0,61054	-0,43887	-0,10833	0,38241	-0,24485	0,58914	-0,62004	NA	NA	NA	NA
Pumpkin	1,47247	-0,23169	0,06493	0,66018	1,77364	0,00449	-1,41723	1,31308	NA	-0,80073	NA
Pumpkin	1,47247	-0,06347	0,23791	0,87973	-0,99321	-0,92873	0,25260	-1,72898	NA	1,61748	NA
Pumpkin	1,47247	-0,97855	0,73725	1,33740	-1,02858	-0,04501	2,28150	0,45693	NA	-1,15073	NA
Pumpkin	0,61054	-1,15624	2,02597	2,02041	-0,85841	-1,22624	2,28150	-0,27171	NA	0,61282	NA
Pumpkin	-1,11333	-1,35161	3,90593	2,57835	-0,98012	0,11594	0,16510	NA	NA	NA	NA
Red_clover	-1,28005	-0,92133	-1,21527	-1,81017	1,00256	-0,10993	0,26633	0,10801	NA	-0,18003	NA
Red_clover	-1,28005	1,61034	-0,94780	-1,20075	-0,73672	1,27698	1,45024	-1,02237	NA	1,83293	NA
Red_clover	-1,28005	0,20488	-0,86221	-1,03429	-1,02898	0,22775	-0,78764	-0,87577	NA	-0,87537	NA
Red_clover	0,12388	1,14198	-0,76592	-0,85980	-1,13590	2,04966	2,52774	-1,21653	NA	0,56379	NA
Red_clover	-0,57809	-1,16816	-0,60543	-0,59441	1,43025	-0,18028	-0,72720	1,19143	NA	-0,77668	NA
Red_clover	-1,28005	-1,00641	-0,51984	-0,46396	0,20420	-0,93192	-0,31848	0,83079	NA	-0,53981	NA
Red_clover	0,12388	-1,60977	-0,44495	-0,35533	1,96487	-0,14179	-0,05450	-0,63015	NA	-0,57357	NA
Red_clover	0,82584	-0,19398	-0,34866	-0,22249	0,83149	1,27698	0,70797	0,01120	NA	0,05380	NA
Red_clover	-0,57809	-0,39159	-0,25237	-0,09658	0,16856	0,06177	0,44562	1,85542	NA	-0,79313	NA
Red_clover	0,12388	-0,57834	0,16489	0,38385	0,20420	-1,31370	0,22366	-0,16836	NA	-0,59194	NA
Red_clover	0,12388	0,34049	0,16489	0,38385	-0,32329	0,49977	-0,59544	-0,03579	NA	0,09539	NA
Red_clover	0,12388	0,66222	0,16489	0,38385	0,33964	1,17983	0,38207	0,85932	NA	-0,09682	NA
Red_clover	0,12388	0,69511	0,16489	0,38385	-1,24995	-1,31370	-1,06392	-0,75227	NA	1,56022	NA
Red_clover	0,82584	1,32036	0,46446	0,67793	-1,24995	-1,21708	-1,06392	-1,80004	NA	2,31805	NA
Red_clover	2,22977	1,33024	0,76403	0,94003	-1,24995	-0,06027	-1,06392	-0,23129	NA	-0,76479	NA
Red_clover	1,52780	-0,45732	1,02080	1,14404	0,14718	-0,89709	0,69670	1,36163	NA	-0,88796	NA
Red_clover	0,12388	-0,97873	3,05360	2,34037	0,68179	-0,40697	-1,02530	0,51476	NA	-0,34407	NA
Springrape	-0,74813	-0,72389	-1,00349	-1,14182	-0,20341	0,08606	-0,80931	-1,31858	NA	-0,06548	NA
Springrape	-0,29925	0,98816	-1,00349	-1,14182	-0,72761	-0,43797	0,33929	-0,73570	NA	-1,11813	NA
Springrape	-1,04738	1,07467	-0,97602	-1,08772	-0,83207	-0,82117	2,21702	-0,49387	NA	-0,72923	NA
Springrape	-0,59851	1,14375	-0,74939	-0,69144	-0,77509	0,94105	0,99064	-1,10252	NA	0,32876	NA
Springrape	-0,44888	0,14666	-0,45408	-0,27375	-0,62885	-0,08223	-0,07411	1,04040	NA	-0,59422	NA
Springrape	-0,59851	-1,64287	-0,02829	0,20308	2,21056	-0,06591	-0,90802	1,52421	NA	1,81345	NA
Springrape	0,44888	0,83081	0,46617	0,63980	-0,72571	-0,62448	0,23926	1,25736	NA	-1,12540	NA
Springrape	1,04738	-0,63343	0,78345	0,87539	0,67785	-0,10069	-0,92729	0,01105	NA	0,41613	NA
Springrape	2,24440	-0,08025	1,34522	1,23258	0,07578	-1,21068	-0,62449	-0,44985	NA	-0,31366	NA
Springrape	0,00000	-1,10362	1,61992	1,38570	0,92855	2,31602	-0,44300	0,26750	NA	1,38777	NA
Strawberry	-0,52621	1,90791	-1,09449	-1,18979	-1,01033	-1,04138	-0,15298	0,74763	NA	-0,54623	NA
Strawberry	-0,52621	-0,20724	-0,79321	-0,80010	-1,40969	1,22738	1,26993	-1,44528	NA	2,40075	NA
Strawberry	-0,94718	-0,07352	-0,73672	-0,73048	-0,81578	-1,09022	-1,32642	1,32979	NA	-0,32737	NA
Strawberry	0,73670	0,09511	-0,62374	-0,59425	0,55637	-0,22577	0,57630	0,33718	NA	-0,40082	NA
Strawberry	1,57864	0,35469	-0,13416	-0,04551	0,80554	0,34486	-0,94190	0,71265	NA	-0,66608	NA
Strawberry	0,31573	-0,95239	0,60962	0,68244	1,12980	-0,25695	-0,75714	-1,03996	NA	-0,27680	NA
Strawberry	-1,36815	-1,46708	1,32516	1,29055	1,01033	-0,58386	1,34601	-0,90183	NA	-0,34970	NA
Strawberry	0,73670	0,34252	1,44755	1,38715	-0,26624	1,62594	-0,01379	0,25983	NA	0,16626	NA
Sunflower	-1,60357	-0,99786	-0,55619	-1,37509	1,65631	1,54140	0,82187	0,13409	NA	0,32717	NA
Sunflower	-1,60357	-0,94957	-0,55619	-1,37509	1,44920	1,54140	1,32009	0,01463	NA	1,99732	NA
Sunflower	-0,80178	-1,12597	-0,49479	-0,98924	1,62179	1,54140	1,53935	-0,92100	NA	0,22948	NA
Sunflower	0,00000	-0,97834	-0,46409	-0,83126	1,08677	1,54140	0,85403	0,99768	NA	-0,03787	NA
Sunflower	0,00000	-0,56533	-0,46409	-0,83126	-0,10410	1,54140	-0,02126	1,39588	NA	-0,26934	NA
Sunflower	-0,80178	-0,12069	-0,31060	-0,23866	-0,13862	-0,71645	0,74432	0,52599	NA	-0,78434	NA
Sunflower	-0,80178	0,25501	-0,31060	-0,23866	-0,55283	-0,71645	-0,11123	-1,27058	NA	-1,24568	NA
Sunflower	1,60357	0,79535	-0,26149	-0,09352	-1,07750	-0,48488	-0,96489	-0,59354	NA	0,86062	NA
Sunflower	0,80178	0,29157	-0,24921	-0,05956	-0,38024	-1,09276	-1,62505	-0,45455	NA	0,14143	NA
Sunflower	-0,80178	-2,12849	-0,24798	-0,05622	1,48372	0,21447	0,56893	1,18127	NA	0,23521	NA
Sunflower	0,00000	0,78641	-0,21851	0,02175	-0,88075	-0,93781	-1,07518	-0,93794	NA	-0,91590	NA
Sunflower	0,00000	0,13262	-0,18781	0,09841	-0,06958	-0,21471	1,65542	0,80623	NA	0,00489	NA
Sunflower	0,00000	0,54981	-0,18781	0,09841	-0,51831	-0,21471	-1,07518	-1,83229	NA	0,00644	NA
Sunflower	-0,80178	1,80558	-0,18781	0,09841	-1,03608	-0,21471	-0,02126	-1,10044	NA	2,61175	NA
Sunflower	0,80178	0,92856	-0,09571	0,30516	-0,93253	-0,71645	-0,75900	-0,24538	NA	-1,34262	NA
Sunflower	0,80178	-0,22608	-0,07730	0,34295	-0,00745	-0,80007	-0,77459	-0,78555	NA	-0,68887	NA
Sunflower	1,60357	1,21586	0,08848	0,64223	-1,08786	-0,80007	-0,23824	1,53948	NA	0,15810	NA
Sunflower	0,00000	1,05609	0,85593	1,52129	0,51722	-0,89013	-1,25083	0,72837	NA	-0,60785	NA
Sunflower	1,60357	-0,72454	3,92577	2,95995	-1,02918	-0,12228	0,41270	0,81764	NA	-0,67993	NA
Tomato_A	-1,88982	NA	-0,78710	NA	NA	-1,44469	NA	-0,12738	NA	-0,28173	NA
Tomato_A	0,75593	1,74467	-0,77830	-1,26336	NA	1,29699	NA	NA	NA	NA	NA
Tomato_A	-1,22838	NA	-0,74198	-1,06002	NA	1,43123	NA	NA	NA	NA	NA
Tomato_A	0,09449	1,23973	-0,69886	-0,86583	NA	-0,67254	NA	NA	NA	NA	NA
Tomato_A	-1,22838	NA	-0,68046	-1,41819	NA	1,54524	NA	0,36393	NA	-0,76841	NA
Tomato_A	0,09449	0,28890	-0,52864	-0,35192	NA	-0,20758	NA	NA	NA	NA	NA
Tomato_A	1,41737	0,76002	-0,40792	-0,26221	NA	-0,56157	NA	-0,01952	NA	-0,54765	NA
Tomato_A	0,75593	-0,70249	-0,34834	-0,12921	NA	-0,90613	NA	1,11867	NA	-0,61322	NA
Tomato_A	0,75593	-0,09896	-0,09871	0,31927	NA	-0,99701	NA	NA	NA	NA	NA
Tomato_A	0,75593	-0,73859	-0,02874	0,36944	NA	0,82100	NA	-1,22691	NA	1,79952	NA
Tomato_A	0,09449	-0,89924	0,10357	0,51600	NA	-0,00313	NA	-1,29703	NA	1,02161	NA
Tomato_A	0,09449	-1,35835	1,33700	1,23799	NA	-0,88259	NA	NA	NA	NA	NA
Tomato_A	-1,22838	NA	1,50949	1,30500	NA	0,03150	NA	NA	NA	NA	NA
Tomato_A	0,75593	-0,23568	2,14899	1,60303	NA	-0,89540	NA	1,18825	NA	-0,61013	NA
Tomato_B	-1,29327	NA	-0,78982	-1,86292	NA	NA	NA	NA	-0,84923	NA	NA
Tomato_B	-1,29327	NA	-0,74362	-1,33254	NA	NA	NA	NA	-0,73925	NA	NA
Tomato_B	-1,29327	NA	-0,74036	-1,30499	NA	NA	NA	NA	-0,73417	NA	NA
Tomato_B	-0,25865	NA	-0,73308	-1,24649	NA	NA	NA	NA	-0,77741	NA	NA
Tomato_B	-1,29327	NA	-0,62602	-0,66366	NA	NA	NA	NA	-0,55583	NA	NA
Tomato_B	-0,25865	NA	-0,61510	-0,62145	NA	0,81325	NA	NA	-0,69807	NA	0,66213
Tomato_B	0,77596	NA	-0,58127	-0,50241	NA	0,29412	NA	NA	-0,61426	NA	0,34556
Tomato_B	0,77596	NA	-0,49188	-0,24943	NA	-1,81092	NA	NA	-0,34498	NA	-1,94583
Tomato_B	1,81057	NA	-0,43905	-0,12862	NA	0,33584	NA	NA	-0,33300	NA	0,43751
Tomato_B	-1,29327	NA	-0,41854	-0,08593	NA	NA	NA	NA	-0,52802	NA	NA
Tomato_B	0,77596	NA	-0,32169	0,09133	NA	-0,44554	NA	NA	-0,31853	NA	-0,16149
Tomato_B	-0,25865	NA	-0,31049	0,10968	NA	0,81325	NA	NA	-0,09501	NA	0,66213
Tomato_B	-0,25865	NA	-0,08392	0,41566	NA	NA	NA	NA	-0,14997	NA	NA
Tomato_B	1,81057	NA	-0,00728	0,49872	NA	NA	NA	NA	-0,11405	NA	NA
Tomato_B	0,77596	NA	0,03269	0,53907	NA	NA	NA	NA	0,08602	NA	NA
Tomato_B	-0,25865	NA	0,65552	1,00323	NA	NA	NA	NA	0,44667	NA	NA
Tomato_B	-0,25865	NA	0,67634	1,01515	NA	NA	NA	NA	0,62459	NA	NA
Tomato_B	0,77596	NA	0,98730	1,17610	NA	NA	NA	NA	0,96734	NA	NA
Tomato_B	-0,25865	NA	1,13562	1,24346	NA	NA	NA	NA	1,34997	NA	NA
Tomato_B	0,77596	NA	3,41468	1,90606	NA	NA	NA	NA	3,37720	NA	NA
Tumip_rape	-1,66719	0,15522	-1,28357	-1,88628	-1,47368	0,96946	-0,09311	NA	-1,64699	NA	0,14083
Tumip_rape	-0,22229	0,40125	-1,25358	-1,70674	-1,14034	1,16074	1,72955	NA	-1,37916	NA	1,82366
Tumip_rape	-0,46311	-0,14114	-0,92945	-0,68734	1,12916	0,79068	-0,14312	NA	0,27872	NA	0,06007
Tumip_rape	-0,22229	-0,23075	-0,92558	-0,67975	0,13625	1,23168	1,45976	NA	-0,42578	NA	1,54545
Tumip_rape	-0,70393	-0,31789	-0,68756	-0,29807	-0,28573	-0,18586	-0,07660	NA	-0,45753	NA	-0,62282
Tumip_rape	0,74097	-0,35294	-0,51050	-0,08636	0,23554	0,61113	-0,60221	NA	-0,24126	NA	-0,48458
Tumip_rape	-0,70393	-0,60003	0,06713	0,39705	-0,45240	0,67050	-1,24301	NA	-0,61210	NA	-0,67718
Tumip_rape	-0,94474	-0,94278	0,10293	0,42051	0,97668	-0,70288	0,25539	NA	0,23500	NA	0,56738
Tumip_rape	1,70424	-0,43655	0,78603	0,78660	1,01923	-1,05369	-1,01851	NA	1,44142	NA	-1,24555
Tumip_rape	0,25934	2,42926	0,81505	0,79954	-1,18290	-1,01867	-1,05291	NA	0,07206	NA	-0,28707
Tumip_rape	0,74097	1,67207	0,98631	0,87261	-1,09779	-1,97553	-0,43004	NA	0,19908	NA	-1,36158
Tumip_rape	1,70424	-0,67333	1,26690	0,98184	0,98377	-0,09963	-0,34155	NA	2,00630	NA	-0,51191
Tumip_rape	-0,22229	-0,96238	1,56588	1,08639	1,15221	-0,39794	1,55634	NA	0,53024	NA	1,05331
Watermelon_A	-1,63299	NA	-1,33242	NA	1,17698	NA	-1,32241	NA	NA	NA	NA
Watermelon_A	0,81650	-0,51168	-0,59219	-1,35113	-0,19321	1,43001	0,26886	-1,42588	NA	0,19707	NA
Watermelon_A	0,81650	0,53514	0,14805	-0,04230	-0,82408	-0,19953	1,15292	0,09506	NA	NA	NA
Watermelon_A	0,00000	-1,11887	0,51816	0,37905	0,89111	-0,89651	-0,69960	0,47529	NA	0,88680	NA
Watermelon_A	0,00000	1,09541	1,25840	1,01439	-1,05080	-0,33397	0,60023	0,85553	NA	-1,08386	NA
Watermelon_B	-0,83974	-0,23111	-1,11600	-1,90314	-1,25464	1,20510	0,69963	NA	-1,68923	NA	0,94779
Watermelon_B	-1,62089	-1,63506	-1,09122	-1,74555	-0,08893	1,84869	-0,53205	NA	-0,56190	NA	-0,42986
Watermelon_B	-0,44916	-1,14014	-1,02927	-1,42874	1,69097	-0,52459	-0,96640	NA	1,22529	NA	-0,93405
Watermelon_B	-0,83974	-0,60108	-0,80627	-0,72191	-0,07013	-0,07117	0,22150	NA	-0,45100	NA	0,43867
Watermelon_B	-0,05859	-0,61260	-0,74928	-0,59607	1,03792	0,26700	0,53575	NA	0,74515	NA	0,61009
Watermelon_B	-0,83974	-0,74575	-0,69477	-0,48782	1,29613	-0,04199	-0,33522	NA	0,92261	NA	-0,25707
Watermelon_B	-1,62089	-0,06258	-0,64522	-0,39788	-1,32358	1,26256	-1,25785	NA	-1,69015	NA	-1,70227
Watermelon_B	-0,44916	-0,08717	-0,62044	-0,35552	0,82609	0,13596	0,31407	NA	0,62846	NA	0,17223
Watermelon_B	-0,05859	0,00498	-0,53372	-0,21890	-0,06386	1,09164	0,49558	NA	-0,31593	NA	0,86682
Watermelon_B	-0,83974	-1,35088	-0,49655	-0,16517	0,38111	-0,09161	1,40234	NA	0,07097	NA	1,56959
Watermelon_B	1,50372	0,84504	-0,37266	-0,00293	-0,77833	0,92381	0,93426	NA	-0,85926	NA	1,06475
Watermelon_B	-0,44916	-0,36301	-0,26116	0,12510	-0,51511	-0,21558	-0,62781	NA	-0,70086	NA	-0,81554
Watermelon_B	0,33199	1,95312	-0,14966	0,23978	-0,01373	-0,83645	-0,88426	NA	-0,00696	NA	-0,61928
Watermelon_B	1,50372	1,10507	0,43262	0,69833	-0,33962	-1,36725	-0,25378	NA	0,10637	NA	-0,27514
Watermelon_B	-0,05859	-0,00374	0,85385	0,94087	-0,27068	-1,29217	2,79553	NA	-0,23354	NA	2,21071
Watermelon_B	0,72256	0,86635	0,95296	0,99094	1,22719	1,35918	0,31433	NA	1,69851	NA	-0,68250
Watermelon_B	1,50372	0,92143	1,08924	1,05626	-1,67455	-0,79972	-0,10870	NA	-1,22276	NA	0,24715
Watermelon_B	0,72256	-0,37131	1,59718	1,27041	0,67567	-1,46247	-1,37861	NA	1,43889	NA	-1,39881
Watermelon_B	0,33199	-0,48819	1,64674	1,28924	0,87623	-1,03634	-0,48865	NA	1,22754	NA	-0,76079
Watermelon_B	1,50372	1,99664	1,99363	1,41270	-1,61815	-0,35462	-0,87966	NA	-0,33221	NA	-0,25248
Watermelon_C	-1,52493	-1,70907	-1,65486	-2,93336	1,96785	2,42748	-0,91109	NA	0,38201	NA	-1,11776
Watermelon_C	-1,52493	-1,09504	-1,56874	-2,13322	0,57228	3,29324	-0,60469	NA	-0,83362	NA	0,06880
Watermelon_C	-1,04447	0,32198	-1,40963	-1,42447	0,26920	1,24417	-0,40263	NA	-0,87389	NA	0,38967
Watermelon_C	-0,56402	1,35712	-1,11294	-0,75217	-0,72846	0,30875	0,80815	NA	-1,69021	NA	3,09676
Watermelon_C	-1,52493	-0,78191	-0,85346	-0,39315	-0,49789	-0,22339	-0,18202	NA	-0,31816	NA	0,16019
Watermelon_C	-0,08356	-1,08802	-0,82471	-0,36017	0,75549	0,01298	-0,70538	NA	-0,52264	NA	-0,17389
Watermelon_C	-0,08356	-0,53125	-0,72411	-0,25250	-0,87418	-0,03991	0,40223	NA	-0,58331	NA	1,05047
Watermelon_C	-1,04447	2,56947	-0,70553	-0,23380	-0,85432	-0,06531	0,53836	NA	-1,22253	NA	0,32682
Watermelon_C	-0,08356	-1,19872	-0,36781	0,05716	1,01551	-0,27471	-0,68088	NA	1,45310	NA	-0,34256
Watermelon_C	-0,56402	0,51379	-0,07551	0,25557	-0,40208	-0,35605	-0,34715	NA	-0,76474	NA	-0,25452
Watermelon_C	1,83827	-0,48535	-0,00047	0,30083	-0,32851	-0,44111	-0,38131	NA	0,90383	NA	0,37556
Watermelon_C	0,87736	-0,64231	0,17097	0,39727	0,30860	-0,34863	-0,76664	NA	-0,23878	NA	-0,95130
Watermelon_C	0,39690	1,12418	0,28435	0,45637	-0,48710	-0,30760	0,56413	NA	0,06996	NA	0,33412
Watermelon_C	0,87736	-0,19348	0,31183	0,47020	0,56491	-0,41315	-0,69145	NA	1,42390	NA	-0,66858
Watermelon_C	0,87736	-0,35751	0,42096	0,52331	1,68956	-0,60491	-0,95201	NA	0,93293	NA	-1,63004
Watermelon_C	0,87736	-0,32344	0,51241	0,56578	-0,73484	-0,54930	0,62838	NA	-0,22907	NA	0,07806
Watermelon_C	0,39690	-0,33042	0,55252	0,58386	-0,52755	-0,28315	-0,05023	NA	-0,46765	NA	0,65698
Watermelon_C	-1,04447	1,07343	0,57091	0,59204	2,36296	-0,62534	-0,95798	NA	2,75452	NA	-1,75810
Watermelon_C	1,83827	0,56792	0,67888	0,63882	-0,28887	-0,48311	-0,14963	NA	0,17811	NA	-0,37272
Watermelon_C	0,87736	1,24205	0,86622	0,71520	-0,92723	-0,32756	3,10194	NA	0,46650	NA	0,98648
Watermelon_C	-0,08356	0,38360	1,12176	0,81093	-1,00085	-0,48532	NA	NA	-0,84924	NA	-0,72410
Watermelon_C	0,39690	-0,28435	1,83738	1,03920	-1,00085	-0,75019	NA	NA	-0,10151	NA	0,33171
Watermelon_C	-0,08356	-0,13270	1,96960	1,07630	-0,85361	-0,70791	1,73991	NA	0,13051	NA	0,13796
