"Crop_System" "Crop_yield" "Flower_Visitor_Density" "Flower_visitor_richness" "Field_size" "Vis_base" "Inten" "Isolation" "Yield_gap" "Vis_gap" "Dependence" "Latitude" "Longitude"
"1" "Argentina Rubus idaeus 2014" 4288.85 16.5 4 0.07 6.063 -3 0.1 59.3530225831055 63.7358693701777 25 -41.90298 -71.53611
"2" "Argentina Rubus idaeus 2014" 2843.34 6.063 2.5 0.13 6.063 -1 0.14 59.3530225831055 63.7358693701777 25 -42.08827 -71.48589
"3" "Argentina Rubus idaeus 2014" 8690.22 17.813 3.5 0.28 6.063 1 0.1 59.3530225831055 63.7358693701777 25 -42.01035 -71.52805
"4" "Argentina Rubus idaeus 2014" 2634.06 6.063 2.5 0.09 6.063 1 0.1 59.3530225831055 63.7358693701777 25 -42.12767 -71.58122
"5" "Argentina Rubus idaeus 2014" 7098.03 12.125 3.5 1.2 6.063 1 0.3 59.3530225831055 63.7358693701777 25 -41.94518 -71.52068
"6" "Argentina Rubus idaeus 2014" 2757.72 8.5 2.5 0.42 6.063 1 0.07 59.3530225831055 63.7358693701777 25 -42.11437 -71.5606
"7" "Argentina Rubus idaeus 2014" 3226.25 10.125 3 0.11 6.063 1 0.4 59.3530225831055 63.7358693701777 25 -42.0284 -71.58902
"8" "Argentina Rubus idaeus 2014" 4795.58 14.188 4.5 0.07 6.063 -1 0.09 59.3530225831055 63.7358693701777 25 -41.89527 -71.54998
"9" "Argentina Rubus idaeus 2014" 6129.25 8 4 0.1 6.063 2 0.17 59.3530225831055 63.7358693701777 25 -42.09997 -71.45272
"10" "Argentina Rubus idaeus 2014" 5695.81 10.5 3.5 0.3 6.063 1 1 59.3530225831055 63.7358693701777 25 -42.06602 -71.50452
"11" "Argentina Rubus idaeus 2014" 5091.73 4.125 3 0.27 6.063 2 0.03 59.3530225831055 63.7358693701777 25 -42.11578 -71.43862
"12" "Argentina Rubus idaeus 2014" 4770.7 16.938 4 0.22 6.063 1 0.15 59.3530225831055 63.7358693701777 25 -41.92471 -71.51414
"13" "Argentina Rubus idaeus 2014" 3132.09 7.688 3.5 0.25 6.063 2 0.2 59.3530225831055 63.7358693701777 25 -42.12587 -71.42318
"14" "Argentina Rubus idaeus 2014" 3851.27 13.5 3.5 0.12 6.063 -1 0.26 59.3530225831055 63.7358693701777 25 -42.04698 -71.51032
"15" "Argentina Rubus idaeus 2014" 3436.13 6.063 4 0.06 6.063 1 0.22 59.3530225831055 63.7358693701777 25 -42.09583 -71.51842
"16" "Argentina Rubus idaeus 2014" 6681.74 11.625 2 0.9 6.063 1 0.06 59.3530225831055 63.7358693701777 25 -41.99975 -71.55248
"17" "Brasil Coffea arabica 2013 ORG" 1218.19 1.188 0.075 3 0.488 -3 0.069 58.1788372328053 94.4702549575071 34 -13.44945 -47.30427
"18" "Brasil Coffea arabica 2013 ORG" 1023.53 4 0.038 2.5 0.488 -1 0.115 58.1788372328053 94.4702549575071 34 -13.39139 -47.2898
"19" "Brasil Coffea arabica 2013 ORG" 4076.28 0.938 0.025 33.5 0.488 3 0.09 58.1788372328053 94.4702549575071 34 -13.35405 -47.35177
"20" "Brasil Coffea arabica 2013 ORG" 585.29 1.25 0.015 1.1 0.488 0 0.32 58.1788372328053 94.4702549575071 34 -13.50907 -47.45996
"21" "Brasil Coffea arabica 2013 ORG" 795.66 0.25 0.025 4.5 0.488 -1 0.233 58.1788372328053 94.4702549575071 34 -13.41332 -47.31482
"22" "Brasil Coffea arabica 2013 ORG" 825.66 1.5 0.025 1.8 0.488 -1 0.285 58.1788372328053 94.4702549575071 34 -13.36753 -47.3343
"23" "Brasil Coffea arabica 2013 ORG" 885.66 1.625 0.025 10 0.488 -1 0.293 58.1788372328053 94.4702549575071 34 -13.3519 -47.32063
"24" "Brasil Coffea arabica 2013 ORG" 1010.53 20.75 0.063 5.99 0.488 0 0.409 58.1788372328053 94.4702549575071 34 -13.36107 -47.29185
"25" "Brasil Coffea arabica 2013 ORG" 1891.55 0.438 0.025 5.6 0.488 1 0.092 58.1788372328053 94.4702549575071 34 -13.32125 -47.29812
"26" "Brasil Coffea arabica 2013 ORG" 1911.72 9.125 0.05 2 0.488 1 0.037 58.1788372328053 94.4702549575071 34 -13.13422 -47.38869
"27" "Brasil Coffea arabica 2013 ORG" 921.74 6.125 0.025 3.3 0.488 -1 0.063 58.1788372328053 94.4702549575071 34 -13.17699 -47.35356
"28" "Brasil Coffea arabica 2013 ORG" 891.74 5.938 0.038 1.5 0.488 -1 0.131 58.1788372328053 94.4702549575071 34 -13.14775 -47.3689
"29" "Brasil Coffea arabica 2013 CONV" 952.01 1.25 0.05 3.59 0.425 1 0.062 77.132967228405 82.5217963480836 34 -13.48185 -47.33905
"30" "Brasil Coffea arabica 2013 CONV" 874.4 0.625 0.013 14 0.425 2 0.865 77.132967228405 82.5217963480836 34 -13.48371 -47.31169
"31" "Brasil Coffea arabica 2013 CONV" 431.16 0.5 0.038 3.7 0.425 3 0.4 77.132967228405 82.5217963480836 34 -13.43363 -47.28935
"32" "Brasil Coffea arabica 2013 CONV" 1245.05 1 0.025 6.7 0.425 5 0.203 77.132967228405 82.5217963480836 34 -13.41212 -47.27183
"33" "Brasil Coffea arabica 2013 CONV" 407.65 1.813 0.025 9.3 0.425 4 0.337 77.132967228405 82.5217963480836 34 -13.29927 -47.34867
"34" "Brasil Coffea arabica 2013 CONV" 1452.61 0.688 0.025 25.7 0.425 4 0.648 77.132967228405 82.5217963480836 34 -13.29575 -47.38173
"35" "Brasil Coffea arabica 2013 CONV" 1461.65 0.188 0.025 45.5 0.425 5 0.301 77.132967228405 82.5217963480836 34 -13.3188 -47.3254
"36" "Brasil Coffea arabica 2013 CONV" 1569.51 0.688 0.038 50 0.425 5 0.211 77.132967228405 82.5217963480836 34 -13.21467 -47.34624
"37" "Brasil Coffea arabica 2013 CONV" 1955.48 1.563 0.038 104.5 0.425 5 0.246 77.132967228405 82.5217963480836 34 -13.15147 -47.45196
"38" "Brasil Coffea arabica 2013 CONV" 804.78 3 0.05 28 0.425 5 0.119 77.132967228405 82.5217963480836 34 -13.1535 -47.47921
"39" "Brasil Coffea arabica 2013 CONV" 241.73 2.188 0.05 52 0.425 4 0.278 77.132967228405 82.5217963480836 34 -12.83151 -47.51116
"40" "Brasil Coffea arabica 2013 CONV" 1570.16 1.875 0.025 64.6 0.425 4 0.219 77.132967228405 82.5217963480836 34 -12.86152 -47.5223
"41" "Brasil Coffea arabica 2013 CONV" 1660.05 1 0.063 95 0.425 4 0.037 77.132967228405 82.5217963480836 34 -13.13299 -47.46603
"42" "Brasil Coffea arabica 2013 CONV" 901.74 1.938 0.038 60 0.425 4 0.638 77.132967228405 82.5217963480836 34 -13.03786 -47.4247
"43" "Brasil Coffea arabica 2013 CONV" 381.72 2.125 0.063 90 0.425 5 0.345 77.132967228405 82.5217963480836 34 -13.05786 -47.41499
"44" "Brasil Coffea arabica 2013 CONV" 946.91 0.25 0.025 27 0.425 3 0.832 77.132967228405 82.5217963480836 34 -13.24901 -47.33418
"45" "Brasil Coffea arabica 2013 CONV" 1203.23 3.313 0.028 76 0.425 4 0.133 77.132967228405 82.5217963480836 34 -13.09727 -47.45812
"46" "Brasil Coffea arabica 2013 CONV" 3134.03 0.688 0.015 63.8 0.425 4 0.117 77.132967228405 82.5217963480836 34 -13.1246 -47.49293
"47" "Brazil Anacardium occidentale 2011" 123.5 0.546 2 35 0.475 0 2.57 85.8047911304692 33.2865168539326 65 -4.102 -38.388
"48" "Brazil Anacardium occidentale 2011" 33.7 0.711 1.6 18 0.475 0 0.7 85.8047911304692 33.2865168539326 65 -4.103 -38.432
"49" "Brazil Anacardium occidentale 2011" 9 0.544 1.7 35 0.475 0 2.6 85.8047911304692 33.2865168539326 65 -4.111 -38.389
"50" "Brazil Anacardium occidentale 2011" 4.2 0.48 1.889 35 0.475 0 2.6 85.8047911304692 33.2865168539326 65 -4.114 -38.39
"51" "Brazil Anacardium occidentale 2011" 42.4 0.518 1 28 0.475 0 0.9 85.8047911304692 33.2865168539326 65 -4.091 -38.413
"52" "Brazil Anacardium occidentale 2011" 30.6 0.626 1.667 28 0.475 0 0.29 85.8047911304692 33.2865168539326 65 -4.097 -38.413
"53" "Brazil Anacardium occidentale 2011" 10.9 0.43 1.25 35 0.475 0 0.29 85.8047911304692 33.2865168539326 65 -4.108 -38.391
"54" "Brazil Anacardium occidentale 2011" 7.5 0.585 1.333 35 0.475 0 2.2 85.8047911304692 33.2865168539326 65 -4.112 -38.393
"55" "Brazil Anacardium occidentale 2011" 17.3 0.721 1.636 28 0.475 0 0.55 85.8047911304692 33.2865168539326 65 -4.095 -38.415
"56" "Brazil Anacardium occidentale 2011" 16.1 0.61 1.667 18 0.475 0 0.54 85.8047911304692 33.2865168539326 65 -4.1 -38.431
"57" "Brazil Anacardium occidentale 2012" 40.4 0.678 1.4 35 0.5372 0 2.57 69.4476409666283 35.4404518687658 65 -4.102 -38.388
"58" "Brazil Anacardium occidentale 2012" 113.1 0.832 1.5 18 0.5372 0 0.7 69.4476409666283 35.4404518687658 65 -4.103 -38.432
"59" "Brazil Anacardium occidentale 2012" 69.6 0.74 1.3 35 0.5372 0 2.6 69.4476409666283 35.4404518687658 65 -4.111 -38.389
"60" "Brazil Anacardium occidentale 2012" 46.2 0.633 1.333 35 0.5372 0 2.6 69.4476409666283 35.4404518687658 65 -4.114 -38.39
"61" "Brazil Anacardium occidentale 2012" 57.4 0.833 1.6 28 0.5372 0 0.9 69.4476409666283 35.4404518687658 65 -4.091 -38.413
"62" "Brazil Anacardium occidentale 2012" 45.3 0.702 1.889 28 0.5372 0 0.29 69.4476409666283 35.4404518687658 65 -4.097 -38.413
"63" "Brazil Anacardium occidentale 2012" 32.5 0.638 1.4 35 0.5372 0 2.3 69.4476409666283 35.4404518687658 65 -4.108 -38.391
"64" "Brazil Anacardium occidentale 2012" 26.1 0.53 1.778 35 0.5372 0 2.2 69.4476409666283 35.4404518687658 65 -4.112 -38.393
"65" "Brazil Anacardium occidentale 2012" 59.2 0.538 1.556 28 0.5372 0 0.55 69.4476409666283 35.4404518687658 65 -4.095 -38.415
"66" "Brazil Anacardium occidentale 2012" 103.3 0.668 1.8 18 0.5372 0 0.54 69.4476409666283 35.4404518687658 65 -4.1 -38.431
"67" "Brazil Brassica napus 2011" 3738.3 2.258 1.583 7 1.9165 5 0.15 56.9082830946998 19.794936179117 25 -28.238 -54.531
"68" "Brazil Brassica napus 2011" 3551.54 1.725 1.722 9 1.9165 5 0.25 56.9082830946998 19.794936179117 25 -28.258 -54.546
"69" "Brazil Brassica napus 2011" 7833.1 2.311 1.5 10 1.9165 5 0.03 56.9082830946998 19.794936179117 25 -28.229 -54.579
"70" "Brazil Brassica napus 2011" 1938 2.108 2.417 9 1.9165 5 0.21 56.9082830946998 19.794936179117 25 -28.127 -54.513
"71" "Brazil Brassica napus 2011" 4868.1 2.468 1.568 8 1.9165 5 0.35 56.9082830946998 19.794936179117 25 -28.133 -54.523
"72" "Brazil Brassica napus 2011" 4906.1 2.237 2.278 23 1.9165 5 0.12 56.9082830946998 19.794936179117 25 -28.222 -54.517
"80" "Brazil Gossypium hirsutum 2011" 3013.5 0.212 0.813 260 0.1002 5 0.2 44.3327306400017 85.3423054417788 25 -11.876 -55.61
"81" "Brazil Gossypium hirsutum 2011" 3948.2 0.938 1.063 256.88 0.1002 5 0.2 44.3327306400017 85.3423054417788 25 -11.884 -55.623
"82" "Brazil Gossypium hirsutum 2011" 6255.8 0.302 0.75 322.64 0.1002 5 0.2 44.3327306400017 85.3423054417788 25 -11.842 -55.593
"83" "Brazil Gossypium hirsutum 2011" 3084.4 0.207 0.5 229.91 0.1002 5 0.2 44.3327306400017 85.3423054417788 25 -11.912 -55.599
"84" "Brazil Gossypium hirsutum 2011" 4277.2 0.029 0.125 395.15 0.1002 5 0.2 44.3327306400017 85.3423054417788 25 -11.862 -55.59
"85" "Brazil Gossypium hirsutum 2012" 4033.3 0.016 0.125 260 0 5 0.2 23.8419839063012 100 25 -11.876 -55.61
"86" "Brazil Gossypium hirsutum 2012" 4535.9 0.011 0.083 256.88 0 5 0.2 23.8419839063012 100 25 -11.884 -55.623
"87" "Brazil Gossypium hirsutum 2012" 5239.3 0.119 0.5 322.64 0 5 0.2 23.8419839063012 100 25 -11.842 -55.593
"88" "Brazil Gossypium hirsutum 2012" 5125.4 0 0.042 229.91 0 5 0.2 23.8419839063012 100 25 -11.912 -55.599
"89" "Brazil Gossypium hirsutum 2012" 5773.7 0 0.042 395.15 0 5 0.2 23.8419839063012 100 25 -11.862 -55.59
"90" "Brazil Malus domestica 2010" 4819 11.25 2 43 4.1882 5 0.67 62.2414840876379 58.9392156862745 65 -13.272 -41.413
"91" "Brazil Malus domestica 2010" 8255 6.5 2 43 4.1882 5 0.68 62.2414840876379 58.9392156862745 65 -13.272 -41.413
"92" "Brazil Malus domestica 2010" 16084 3.75 1 43 4.1882 5 0.8 62.2414840876379 58.9392156862745 65 -13.273 -41.416
"93" "Brazil Malus domestica 2010" 9186 4.376 1 43 4.1882 5 0.56 62.2414840876379 58.9392156862745 65 -13.275 -41.416
"94" "Brazil Malus domestica 2010" 6367 4.626 1 43 4.1882 5 0.73 62.2414840876379 58.9392156862745 65 -13.273 -41.416
"95" "Brazil Malus domestica 2010" 11892 4.428 2 43 4.1882 5 0.57 62.2414840876379 58.9392156862745 65 -13.274 -41.412
"96" "Brazil Malus domestica 2010" 11195 8.416 1 43 4.1882 5 0.74 62.2414840876379 58.9392156862745 65 -13.271 -41.415
"97" "Brazil Malus domestica 2010" 15439 9.75 4 43 4.1882 5 0.6 62.2414840876379 58.9392156862745 65 -13.276 -41.411
"98" "Brazil Malus domestica 2011" 29592 9 1 43 4.332 5 0.81 45.9822444798543 43.6524453694069 65 -13.274 -41.414
"99" "Brazil Malus domestica 2011" 18774 5.75 1 43 4.332 5 0.74 45.9822444798543 43.6524453694069 65 -13.274 -41.413
"100" "Brazil Malus domestica 2011" 28800 6.376 1 43 4.332 5 0.56 45.9822444798543 43.6524453694069 65 -13.275 -41.416
"101" "Brazil Malus domestica 2011" 43704 3.688 1 43 4.332 5 0.73 45.9822444798543 43.6524453694069 65 -13.273 -41.416
"102" "Brazil Malus domestica 2011" 35370 4.976 1 43 4.332 5 0.56 45.9822444798543 43.6524453694069 65 -13.275 -41.415
"103" "Brazil Malus domestica 2011" 23940 5.786 1 43 4.332 5 0.56 45.9822444798543 43.6524453694069 65 -13.275 -41.415
"104" "Brazil Malus domestica 2012" 18144 1.166 1 43 1.8996 5 0.67 50.6401766004415 44.4041208147975 65 -13.275 -41.418
"105" "Brazil Malus domestica 2012" 29592 3.084 2 43 1.8996 5 0.87 50.6401766004415 44.4041208147975 65 -13.273 -41.417
"106" "Brazil Malus domestica 2012" 24660 3.166 1 43 1.8996 5 0.86 50.6401766004415 44.4041208147975 65 -13.271 -41.417
"107" "Brazil Malus domestica 2012" 23094 3.584 1 43 1.8996 5 0.67 50.6401766004415 44.4041208147975 65 -13.275 -41.416
"108" "Brazil Malus domestica 2012" 48222 3 1 43 1.8996 5 0.8 50.6401766004415 44.4041208147975 65 -13.273 -41.416
"109" "Brazil Solanum lycopersicum 2010" 70000 1.003 3 0.5 0.2326 5 0.4 32.6145552560647 74.6512641673932 5 -21.398 -41.91
"110" "Brazil Solanum lycopersicum 2010" 40000 0.264 1 2 0.2326 5 0.1 32.6145552560647 74.6512641673932 5 -21.392 -41.91
"111" "Brazil Solanum lycopersicum 2010" 50000 0.178 3 0.5 0.2326 5 0.18 32.6145552560647 74.6512641673932 5 -21.395 -41.923
"112" "Brazil Solanum lycopersicum 2010" 68000 0.748 4 0.5 0.2326 5 0.2 32.6145552560647 74.6512641673932 5 -21.396 -41.926
"113" "Brazil Solanum lycopersicum 2010" 58000 0.238 3 0.5 0.2326 5 0.1 32.6145552560647 74.6512641673932 5 -21.401 -41.928
"114" "Brazil Solanum lycopersicum 2010" 54000 0.694 3 2 0.2326 5 0.6 32.6145552560647 74.6512641673932 5 -21.371 -41.933
"115" "Brazil Solanum lycopersicum 2010" 50000 0.249 2 0.3 0.2326 5 0.28 32.6145552560647 74.6512641673932 5 -21.377 -41.925
"116" "Brazil Solanum lycopersicum 2010" 66000 0.673 5 2.5 0.2326 5 0.05 32.6145552560647 74.6512641673932 5 -21.372 -41.935
"117" "Brazil Solanum lycopersicum 2010" 55000 0.487 2 1 0.2326 5 0.1 32.6145552560647 74.6512641673932 5 -21.408 -41.928
"118" "Brazil Solanum lycopersicum 2010" 55000 0.881 3 2 0.2326 5 0.4 32.6145552560647 74.6512641673932 5 -21.418 -42.013
"119" "Brazil Solanum lycopersicum 2010" 50000 0.394 4 0.3 0.2326 5 0.6 32.6145552560647 74.6512641673932 5 -21.413 -42.015
"120" "Brazil Solanum lycopersicum 2010" 60000 0.479 2 4.5 0.2326 5 0.7 32.6145552560647 74.6512641673932 5 -21.431 -42.029
"121" "Brazil Solanum lycopersicum 2010" 84000 0.692 4 0.5 0.2326 5 0.6 32.6145552560647 74.6512641673932 5 -21.424 -42.027
"122" "Brazil Solanum lycopersicum 2010" 64800 0.22 1 2.5 0.2326 5 1.5 32.6145552560647 74.6512641673932 5 -21.44 -42.017
"123" "Brazil Solanum lycopersicum 2010" 55000 0.382 4 2 0.2326 5 1.2 32.6145552560647 74.6512641673932 5 -21.414 -41.996
"124" "Brazil Solanum lycopersicum 2010" 50000 0.771 6 1 0.2326 5 0.05 32.6145552560647 74.6512641673932 5 -21.399 -41.981
"125" "Brazil Solanum lycopersicum 2010" 70000 1.343 5 0.5 0.2326 5 0.02 32.6145552560647 74.6512641673932 5 -21.418 -41.985
"126" "Brazil Solanum lycopersicum 2010" 96000 0.389 3 0.5 0.2326 5 0.25 32.6145552560647 74.6512641673932 5 -21.415 -41.998
"127" "Brazil Solanum lycopersicum 2011" 45000 0.92 3 1 0.3234 5 0.5 30.952380952381 82.1798545294247 5 -21.405 -41.929
"128" "Brazil Solanum lycopersicum 2011" 50000 1.014 5 1.2 0.3234 5 0.04 30.952380952381 82.1798545294247 5 -21.39 -41.925
"129" "Brazil Solanum lycopersicum 2011" 70000 0.752 4 0.5 0.3234 5 0.1 30.952380952381 82.1798545294247 5 -21.394 -41.923
"130" "Brazil Solanum lycopersicum 2011" 60000 1.044 3 0.5 0.3234 5 0.2 30.952380952381 82.1798545294247 5 -21.388 -41.909
"131" "Brazil Solanum lycopersicum 2011" 51428.57 1.789 6 0.7 0.3234 5 0.1 30.952380952381 82.1798545294247 5 -21.393 -41.911
"132" "Brazil Solanum lycopersicum 2011" 60000 2.083 6 0.5 0.3234 5 0.2 30.952380952381 82.1798545294247 5 -21.392 -41.915
"133" "Brazil Solanum lycopersicum 2011" 50000 0.354 3 0.5 0.3234 5 0.5 30.952380952381 82.1798545294247 5 -21.398 -41.912
"134" "Brazil Solanum lycopersicum 2011" 52500 0.989 4 2 0.3234 5 0.15 30.952380952381 82.1798545294247 5 -21.371 -41.929
"135" "Brazil Solanum lycopersicum 2011" 60000 1.798 6 0.5 0.3234 5 0.4 30.952380952381 82.1798545294247 5 -21.409 -41.93
"136" "Brazil Solanum lycopersicum 2011" 70000 0.851 5 0.5 0.3234 5 0.18 30.952380952381 82.1798545294247 5 -21.417 -41.994
"137" "Brazil Solanum lycopersicum 2011" 46666.67 1.019 4 1.5 0.3234 5 0.9 30.952380952381 82.1798545294247 5 -21.427 -42.03
"138" "Brazil Solanum lycopersicum 2011" 48000 0.612 3 1 0.3234 5 1 30.952380952381 82.1798545294247 5 -21.408 -42.013
"139" "Brazil Solanum lycopersicum 2011" 35000 0.841 4 1 0.3234 5 0.18 30.952380952381 82.1798545294247 5 -21.402 -41.977
"140" "Brazil Solanum lycopersicum 2011" 46666.67 0.181 2 1.5 0.3234 5 1.2 30.952380952381 82.1798545294247 5 -21.421 -42.019
"141" "Brazil Solanum lycopersicum 2011" 45000 1.854 8 1 0.3234 5 0.8 30.952380952381 82.1798545294247 5 -21.433 -42.026
"142" "Brazil Solanum lycopersicum 2011" 50000 1.063 4 1 0.3234 5 0.45 30.952380952381 82.1798545294247 5 -21.411 -42.023
"143" "Brazil Solanum lycopersicum 2011" 50000 0.252 4 3 0.3234 5 0.3 30.952380952381 82.1798545294247 5 -21.415 -41.983
"144" "Brazil Solanum lycopersicum 2011" 40000 1.151 8 1 0.3234 5 1 30.952380952381 82.1798545294247 5 -21.442 -42.02
"145" "China Brassica rapa 2013" 2963.7 4.813 7.25 0.21 1.3967 -1 0.06 44.4035394318409 65.8983812290939 65 34.399 106.004
"146" "China Brassica rapa 2013" 4328.8 3.094 5.5 0.19 1.3967 0 1.85 44.4035394318409 65.8983812290939 65 34.483 105.996
"147" "China Brassica rapa 2013" 2819.4 1.406 7.5 0.06 1.3967 0 0.1 44.4035394318409 65.8983812290939 65 34.344 105.994
"148" "China Brassica rapa 2013" 4609.8 2.875 4 0.11 1.3967 0 2.3 44.4035394318409 65.8983812290939 65 34.455 105.979
"149" "China Brassica rapa 2013" 7378.4 4.016 4.25 0.06 1.3967 0 1.8 44.4035394318409 65.8983812290939 65 34.45 106.02
"150" "China Brassica rapa 2013" 3469.8 2.5 4.75 0.12 1.3967 0 1.76 44.4035394318409 65.8983812290939 65 34.469 105.985
"151" "China Brassica rapa 2013" 4133.3 3.656 6 0.1 1.3967 0 2.4 44.4035394318409 65.8983812290939 65 34.464 106.001
"152" "China Brassica rapa 2013" 1793.5 1.844 6.5 0.08 1.3967 0 0.05 44.4035394318409 65.8983812290939 65 34.355 105.988
"153" "China Brassica rapa 2013" 2833.9 1.875 9 0.13 1.3967 0 0.1 44.4035394318409 65.8983812290939 65 34.454 106.099
"154" "China Brassica rapa 2013" 3352.4 1.313 8 0.14 1.3967 -1 0.1 44.4035394318409 65.8983812290939 65 34.341 105.972
"155" "Colombia Vaccinium meridionale 2013" 0.1 6.292 2.25 0.5 4.5166 -2 0 73.7142857142857 39.070256853011 65 5.5318 -73.72915
"156" "Colombia Vaccinium meridionale 2013" 0.32 6.688 4.5 2 4.5166 -2 0 73.7142857142857 39.070256853011 65 5.57161 -73.7379
"157" "Colombia Vaccinium meridionale 2013" 0.31 7.896 5.75 2 4.5166 -2 0 73.7142857142857 39.070256853011 65 5.55415 -73.72478
"158" "Colombia Vaccinium meridionale 2013" 0.49 3.333 2.25 1 4.5166 -2 0 73.7142857142857 39.070256853011 65 5.62874 -73.72776
"159" "Colombia Vaccinium meridionale 2013" 0.84 6.542 4.5 0.5 4.5166 -2 0 73.7142857142857 39.070256853011 65 5.45865 -73.66472
"160" "Ghana Mangifera indica 2010" 16615.34 15.688 2.875 16.19 8.3595 5 1 89.7965923894919 45.7949682272079 65 6.043 0.004
"161" "Ghana Mangifera indica 2010" 9053.93 15.156 2.75 3.24 8.3595 5 0.2 89.7965923894919 45.7949682272079 65 6.038 0.003
"162" "Ghana Mangifera indica 2010" 14480.35 9.375 2.375 8.9 8.3595 5 5 89.7965923894919 45.7949682272079 65 6.12 0.001
"163" "Ghana Mangifera indica 2010" 7383.5 8.531 2.375 12.14 8.3595 5 0.3 89.7965923894919 45.7949682272079 65 6.038 0.003
"164" "Ghana Mangifera indica 2010" 2293.13 8.188 2.625 8.09 8.3595 5 0.05 89.7965923894919 45.7949682272079 65 5.952 0.02
"165" "Ghana Mangifera indica 2010" 879.69 12.906 1.5 60.7 8.3595 5 0.01 89.7965923894919 45.7949682272079 65 5.948 0.03
"166" "India Amomum subulatum 2010" 547.71 6.25 3.5 4 4.538 -2 0.2 50.1259435493481 24.2100340704122 95 27.191 88.391
"167" "India Amomum subulatum 2010" 242.79 4.438 5.25 4 4.538 -2 2.5 50.1259435493481 24.2100340704122 95 27.2 88.393
"168" "India Amomum subulatum 2010" 242.74 4.938 7 2 4.538 0 1.2 50.1259435493481 24.2100340704122 95 27.196 88.39
"169" "India Amomum subulatum 2011" 540.89 7 4.75 4 4 -2 0.2 52.0399097392029 49.6981891348088 95 27.191 88.391
"170" "India Amomum subulatum 2011" 209.95 3.25 4.25 4 4 -2 2.5 52.0399097392029 49.6981891348088 95 27.2 88.393
"171" "India Amomum subulatum 2011" 380.18 8.19 8.5 2 4 0 1.2 52.0399097392029 49.6981891348088 95 27.196 88.39
"172" "India Amomum subulatum 2012" 366.37 2.625 3.5 4 2.65 -2 0.2 43.030735495565 29.3333333333333 95 27.191 88.391
"173" "India Amomum subulatum 2012" 181.85 2.75 5.25 4 2.65 -2 2.5 43.030735495565 29.3333333333333 95 27.2 88.393
"174" "India Amomum subulatum 2012" 388.39 4 8.5 2 2.65 0 1.2 43.030735495565 29.3333333333333 95 27.196 88.39
"175" "India Brassica rapa 2011" 295.74 3.82 6 0.3 3.29 -2 0.4 37.3557716531466 41.6149068322981 65 29.62242 79.61647
"176" "India Brassica rapa 2011" 225.44 4.83 8 0.2 3.29 -2 0.4 37.3557716531466 41.6149068322981 65 29.60811 79.60194
"177" "India Brassica rapa 2011" 199.36 6.44 6 0.25 3.29 -2 0.4 37.3557716531466 41.6149068322981 65 29.74072 79.62053
"178" "India Brassica rapa 2011" 173.63 3.7 4 0.25 3.29 -2 0.4 37.3557716531466 41.6149068322981 65 29.72197 79.61811
"179" "India Brassica rapa 2011" 221.25 2.88 6 0.25 3.29 -2 0.4 37.3557716531466 41.6149068322981 65 29.62436 79.6345
"180" "India Brassica rapa 2011" 299.67 4.57 0 0.3 3.29 -2 0.4 37.3557716531466 41.6149068322981 65 29.65464 79.60111
"181" "India Brassica rapa 2012" 6.1 3.25 0 0.15 3.676 -2 0.4 44.9630238290879 36.9251887439945 65 29.66139 79.58133
"182" "India Brassica rapa 2012" 12.94 5.38 5 0.25 3.676 -2 0.4 44.9630238290879 36.9251887439945 65 29.74072 79.62053
"183" "India Brassica rapa 2012" 9.09 5.94 3 0.25 3.676 -2 0.4 44.9630238290879 36.9251887439945 65 29.72197 79.61811
"184" "India Malus domestica 2011" 21648 1.4 7.18 2.5 1.1 -1 3.5 68.6010430121614 76.4957264957265 65 32.11778 77.81944
"185" "India Malus domestica 2011" 13160 4.4 4.5 1.5 1.1 -1 2.5 68.6010430121614 76.4957264957265 65 32.05 77.13667
"186" "India Malus domestica 2011" 44770 4.1 2.34 1.5 1.1 -1 0 68.6010430121614 76.4957264957265 65 32.08306 77.15889
"187" "India Malus domestica 2011" 34720 1.1 1.17 0.25 1.1 -1 3.5 68.6010430121614 76.4957264957265 65 32.07944 77.13667
"188" "India Malus domestica 2011" 22287.3 3 3.17 2 1.1 -1 3 68.6010430121614 76.4957264957265 65 32.10194 77.13583
"189" "India Malus domestica 2011" 14504 3.6 2.98 2.5 1.1 -1 3.5 68.6010430121614 76.4957264957265 65 32.085 77.12944
"190" "India Malus domestica 2011" 27140 2.6 9.92 0.25 1.1 1 0.5 68.6010430121614 76.4957264957265 65 32.11389 77.14111
"191" "India Malus domestica 2011" 34100 5.1 3.67 1.5 1.1 1 0.5 68.6010430121614 76.4957264957265 65 32.11333 77.13667
"192" "India Malus domestica 2011" 47174.4 10.2 2.78 1 1.1 1 2 68.6010430121614 76.4957264957265 65 32.08444 77.14667
"194" "India Malus domestica 2011" 13770 1.46 3.33 0.5 1.1 1 0.5 68.6010430121614 76.4957264957265 65 32.09 77.12583
"195" "India Malus domestica 2011" 41946.66 2.2 2.81 0.75 1.1 1 3.5 68.6010430121614 76.4957264957265 65 32.10028 77.14889
"196" "India Malus domestica 2011" 83700 2.8 0.84 1 1.1 1 2.5 68.6010430121614 76.4957264957265 65 32.08778 77.14444
"197" "India Malus domestica 2011" 21280 1.1 5.08 0.5 1.1 1 0.5 68.6010430121614 76.4957264957265 65 32.11639 77.16444
"198" "India Malus domestica 2011" 32750 3.7 3.67 0.5 1.1 1 3.5 68.6010430121614 76.4957264957265 65 32.11222 77.15889
"199" "India Malus domestica 2011" 34133 0.7 1.34 1.25 1.1 1 0 68.6010430121614 76.4957264957265 65 32.09278 77.16
"200" "India Malus domestica 2011" 22240 3.7 2.1 0.5 1.1 1 0.25 68.6010430121614 76.4957264957265 65 32.04361 77.14194
"201" "India Malus domestica 2011" 15776 4.5 4.47 0.25 1.1 1 3 68.6010430121614 76.4957264957265 65 32.11056 77.14528
"202" "India Malus domestica 2012" 31816 7.9 2.54 2.5 2.97 -1 3.5 64.7436289687639 58.1100141043724 65 32.11778 77.81944
"203" "India Malus domestica 2012" 16520 4.5 6.26 1.5 2.97 -1 2.5 64.7436289687639 58.1100141043724 65 32.05 77.13667
"204" "India Malus domestica 2012" 26400 4.4 4.78 1.5 2.97 -1 0 64.7436289687639 58.1100141043724 65 32.08306 77.15889
"205" "India Malus domestica 2012" 29016 5.7 3.06 0.25 2.97 -1 3.5 64.7436289687639 58.1100141043724 65 32.07944 77.13667
"206" "India Malus domestica 2012" 20475 3 4.9 2 2.97 -1 3 64.7436289687639 58.1100141043724 65 32.10194 77.13583
"207" "India Malus domestica 2012" 21756 6.8 6.86 2.5 2.97 -1 3.5 64.7436289687639 58.1100141043724 65 32.085 77.12944
"208" "India Malus domestica 2012" 20915 4 4.23 1 2.97 -1 4 64.7436289687639 58.1100141043724 65 32.07611 77.13278
"209" "India Malus domestica 2012" 32804 4.2 5.17 0.25 2.97 1 0.5 64.7436289687639 58.1100141043724 65 32.11389 77.14111
"210" "India Malus domestica 2012" 45880 6.8 7.36 1.5 2.97 1 0.5 64.7436289687639 58.1100141043724 65 32.11333 77.13667
"211" "India Malus domestica 2012" 61440 8 1.37 1 2.97 1 2 64.7436289687639 58.1100141043724 65 32.08444 77.14667
"212" "India Malus domestica 2012" 27328 2.5 2.27 1.25 2.97 1 0.25 64.7436289687639 58.1100141043724 65 32.03528 77.14111
"213" "India Malus domestica 2012" 17370 6.7 0.59 0.5 2.97 1 0.5 64.7436289687639 58.1100141043724 65 32.09 77.12583
"214" "India Malus domestica 2012" 21750 2.7 1.93 0.5 2.97 1 1 64.7436289687639 58.1100141043724 65 32.07667 77.12528
"215" "India Malus domestica 2012" 31546.7 5.5 3.04 0.75 2.97 1 3.5 64.7436289687639 58.1100141043724 65 32.10028 77.14889
"216" "India Malus domestica 2012" 56970 7 2.38 1 2.97 1 2.5 64.7436289687639 58.1100141043724 65 32.08778 77.14444
"217" "India Malus domestica 2012" 30240 5.6 4.93 0.5 2.97 1 0.5 64.7436289687639 58.1100141043724 65 32.11639 77.16444
"218" "India Malus domestica 2012" 14820 4.7 3.17 0.5 2.97 1 3.5 64.7436289687639 58.1100141043724 65 32.11222 77.15889
"219" "India Malus domestica 2012" 48144 3.5 5.19 1.25 2.97 1 0 64.7436289687639 58.1100141043724 65 32.09278 77.16
"220" "India Malus domestica 2012" 18400 5.3 4.44 0.5 2.97 1 0.25 64.7436289687639 58.1100141043724 65 32.04361 77.14194
"221" "India Malus domestica 2012" 24752 4.4 3.22 0.25 2.97 1 3 64.7436289687639 58.1100141043724 65 32.11056 77.14528
"222" "Indonesia Cucumis sativus 2013" 19525 10 2.042 0.23 4.7764 1 3 41.9825591742303 52.5331425277761 65 -6.539 106.75
"223" "Indonesia Cucumis sativus 2013" 19525 6.813 2.5 0.12 4.7764 -1 3 41.9825591742303 52.5331425277761 65 -6.464 106.728
"224" "Indonesia Cucumis sativus 2013" 19225 7 1.333 0.12 4.7764 -1 3 41.9825591742303 52.5331425277761 65 -6.478 106.704
"225" "Indonesia Cucumis sativus 2013" 32475 7.938 1.792 0.18 4.7764 1 3 41.9825591742303 52.5331425277761 65 -6.584 106.664
"226" "Indonesia Cucumis sativus 2013" 16400 4.908 2.583 0.13 4.7764 1 0.2 41.9825591742303 52.5331425277761 65 -6.587 106.719
"227" "Indonesia Cucumis sativus 2013" 15900 5.75 2.417 0.13 4.7764 -1 0.13 41.9825591742303 52.5331425277761 65 -6.547 106.73
"228" "Indonesia Cucumis sativus 2013" 27000 10.313 2.792 0.28 4.7764 1 0.06 41.9825591742303 52.5331425277761 65 -6.546 106.706
"229" "Indonesia Cucumis sativus 2013" 23600 4.25 3.458 0.13 4.7764 1 0.06 41.9825591742303 52.5331425277761 65 -6.528 106.78
"230" "Indonesia Cucumis sativus 2013" 23600 9.875 3.5 0.12 4.7764 1 0.2 41.9825591742303 52.5331425277761 65 -6.644 106.832
"231" "Kenya Phaseolus vulgaris 2011" 1614 9.111 2 0.23 4.0999 2 0.5 66.0934092987269 59.8910183038378 5 0.05 37.119
"232" "Kenya Phaseolus vulgaris 2011" 1704 9.111 1.667 0.15 4.0999 2 0.2 66.0934092987269 59.8910183038378 5 0.024 37.146
"233" "Kenya Phaseolus vulgaris 2011" 2500 7.333 1.667 0.15 4.0999 2 0.8 66.0934092987269 59.8910183038378 5 -0.004 37.126
"234" "Kenya Phaseolus vulgaris 2011" 875 4 1.333 0.23 4.0999 2 0.05 66.0934092987269 59.8910183038378 5 0.008 37.15
"235" "Kenya Phaseolus vulgaris 2011" 2237 7.778 2 0.23 4.0999 2 0.9 66.0934092987269 59.8910183038378 5 0.024 37.128
"236" "Kenya Phaseolus vulgaris 2011" 2213 4.111 2 0.38 4.0999 2 0.4 66.0934092987269 59.8910183038378 5 -0.012 37.15
"237" "Kenya Phaseolus vulgaris 2011" 5934 13.722 1.667 0.08 4.0999 2 0.3 66.0934092987269 59.8910183038378 5 0.018 37.116
"238" "Kenya Phaseolus vulgaris 2011" 2056 6.667 1.333 0.27 4.0999 2 1 66.0934092987269 59.8910183038378 5 -0.003 37.144
"239" "Kenya Phaseolus vulgaris 2011" 2211 4.945 1.333 0.19 4.0999 2 0.4 66.0934092987269 59.8910183038378 5 0.014 37.126
"240" "Kenya Phaseolus vulgaris 2011" 974 9.833 1 0.15 4.0999 2 0.8 66.0934092987269 59.8910183038378 5 -0.007 37.12
"241" "Kenya Phaseolus vulgaris 2012" 4605 21.5 2 0.15 4.3166 2 0.5 60.5485307212823 61.4603049891075 5 0.05 37.119
"242" "Kenya Phaseolus vulgaris 2012" 7697 1.667 2.667 0.08 4.3166 2 0.2 60.5485307212823 61.4603049891075 5 0.114 37.111
"243" "Kenya Phaseolus vulgaris 2012" 4647 9.417 2 0.19 4.3166 2 1 60.5485307212823 61.4603049891075 5 0.107 37.134
"244" "Kenya Phaseolus vulgaris 2012" 1611 4.611 2.667 0.43 4.3166 2 0.2 60.5485307212823 61.4603049891075 5 0.094 37.126
"245" "Kenya Phaseolus vulgaris 2012" 5263 6.417 2 0.15 4.3166 2 0.1 60.5485307212823 61.4603049891075 5 0.078 37.098
"246" "Kenya Phaseolus vulgaris 2012" 3513 8.5 3 0.08 4.3166 2 0.2 60.5485307212823 61.4603049891075 5 0.099 37.121
"247" "Kenya Phaseolus vulgaris 2012" 8237 10.056 2.667 0.08 4.3166 2 0.05 60.5485307212823 61.4603049891075 5 0.094 37.16
"248" "Kenya Phaseolus vulgaris 2012" 3886 10 3 0.08 4.3166 2 0.2 60.5485307212823 61.4603049891075 5 0.127 37.114
"249" "Kenya Phaseolus vulgaris 2012" 5546 5.25 2.75 0.15 4.3166 2 0.3 60.5485307212823 61.4603049891075 5 0.108 37.139
"250" "Kenya Phaseolus vulgaris 2012" 10092 9.278 2.667 0.08 4.3166 2 0.15 60.5485307212823 61.4603049891075 5 0.123 37.128
"251" "Nepal Brassica rapa 2012" 870 9.111 3 0.2 5.92 3 2 45.9704880817253 41.5308641975309 65 27.67 84.53
"252" "Nepal Brassica rapa 2012" 810 11.25 3 0.3 5.92 3 2 45.9704880817253 41.5308641975309 65 27.66 84.53
"253" "Nepal Brassica rapa 2012" 770 9.5 2 0.25 5.92 2 3 45.9704880817253 41.5308641975309 65 27.68 84.54
"254" "Nepal Brassica rapa 2012" 550 6 2 0.4 5.92 2 1 45.9704880817253 41.5308641975309 65 27.65 84.52
"255" "Nepal Brassica rapa 2012" 350 5.2 2 0.2 5.92 2 1.8 45.9704880817253 41.5308641975309 65 27.67 84.53
"256" "Nepal Brassica rapa 2012" 530 6 3 0.4 5.92 2 2.5 45.9704880817253 41.5308641975309 65 27.68 84.56
"257" "Nepal Brassica rapa 2012" 630 7.6 3 0.2 5.92 2 1 45.9704880817253 41.5308641975309 65 27.65 84.52
"258" "Nepal Brassica rapa 2012" 750 10 3 0.2 5.92 2 1 45.9704880817253 41.5308641975309 65 27.65 84.52
"259" "Nepal Brassica rapa 2012" 980 7.8 3 0.5 5.92 2 1 45.9704880817253 41.5308641975309 65 27.63 84.51
"260" "Nepal Brassica rapa 2012" 490 7 3 0.3 5.92 2 6 45.9704880817253 41.5308641975309 65 27.65 84.53
"261" "Nepal Fagopyrumm esculentum 2012" 550 4.4 3 0.3 3.28 0 1 31.7195325542571 38.8059701492537 65 27.57 84.22
"262" "Nepal Fagopyrumm esculentum 2012" 400 2.8 2 0.5 3.28 0 2.5 31.7195325542571 38.8059701492537 65 27.57 84.23
"263" "Nepal Fagopyrumm esculentum 2012" 430 4.8 3 0.3 3.28 0 1.8 31.7195325542571 38.8059701492537 65 27.58 84.23
"264" "Nepal Fagopyrumm esculentum 2012" 620 5.6 3 0.4 3.28 0 7 31.7195325542571 38.8059701492537 65 27.61 84.35
"265" "Norway Malus domestica 2013" 27452.13 2.175 3 1.25 0.78 5 0.4 74.4757697932725 63.2941176470588 65 59.41481 9.00052
"266" "Norway Malus domestica 2013" 22176.25 1.925 1.25 4 0.78 4 0.075 74.4757697932725 63.2941176470588 65 59.4266 9.1041
"267" "Norway Malus domestica 2013" 37390 1.15 4.5 1.05 0.78 3 0.03 74.4757697932725 63.2941176470588 65 59.38757 9.2742
"268" "Norway Malus domestica 2013" 53900 1.2 2.25 7.5 0.78 3 0.05 74.4757697932725 63.2941176470588 65 59.55714 10.28539
"269" "Norway Malus domestica 2013" 35840 1.075 3.25 3 0.78 3 0.05 74.4757697932725 63.2941176470588 65 59.65417 9.75109
"270" "Norway Malus domestica 2013" 17993.75 0.775 0.5 0.24 0.78 2 0.05 74.4757697932725 63.2941176470588 65 59.69484 9.82269
"271" "Norway Malus domestica 2013" 110156.25 4.075 7.75 6 0.78 3 0.07 74.4757697932725 63.2941176470588 65 59.63585 9.93777
"272" "Norway Malus domestica 2013" 7816.25 0.6 2.25 3 0.78 3 0.07 74.4757697932725 63.2941176470588 65 59.67035 10.37173
"273" "Norway Malus domestica 2013" 11645 1.05 2.5 1.6 0.78 4 0.03 74.4757697932725 63.2941176470588 65 59.42143 9.16317
"274" "Norway Malus domestica 2013" 31432.5 0.8 0 0.7 0.78 3 0.01 74.4757697932725 63.2941176470588 65 59.383 9.20311
"275" "Norway Malus domestica 2013" 29548.75 0.85 1 1.05 0.78 0 0.15 74.4757697932725 63.2941176470588 65 59.42093 9.28089
"276" "Norway Malus domestica 2013" 25441.25 1.575 0.75 1.2 0.78 4 0.4 74.4757697932725 63.2941176470588 65 59.72458 9.86578
"277" "Norway Malus domestica 2013" 23970 0.975 2.25 3 0.78 3 0.07 74.4757697932725 63.2941176470588 65 59.54183 0
"278" "Norway Trifolium pratense 2013" 608.25 0.758 4.25 5 0.7416 3 0.2 39.0071367937875 57.4892519346518 65 59.25338 10.18624
"279" "Norway Trifolium pratense 2013" 442.25 0.914 4.5 4.1 0.7416 3 0.1 39.0071367937875 57.4892519346518 65 59.61386 10.20594
"280" "Norway Trifolium pratense 2013" 489.75 2.73 3.75 10 0.7416 1 0.25 39.0071367937875 57.4892519346518 65 59.43806 10.31498
"281" "Norway Trifolium pratense 2013" 644.5 1.516 6 4.2 0.7416 1 0.05 39.0071367937875 57.4892519346518 65 59.65856 11.13501
"282" "Norway Trifolium pratense 2013" 771.25 0.875 3.5 3.6 0.7416 3 0.05 39.0071367937875 57.4892519346518 65 59.41354 10.14056
"283" "Norway Trifolium pratense 2013" 728.25 0.594 4.25 5 0.7416 3 0.2 39.0071367937875 57.4892519346518 65 59.38442 10.2464
"284" "Norway Trifolium pratense 2013" 710.75 1.422 6.25 6 0.7416 2 0.16 39.0071367937875 57.4892519346518 65 59.29358 10.43492
"285" "Norway Trifolium pratense 2013" 508.75 1.635 3.75 10 0.7416 3 0.25 39.0071367937875 57.4892519346518 65 59.37188 10.37073
"286" "Norway Trifolium pratense 2013" 956.5 1.18 4.75 11.2 0.7416 2 0.13 39.0071367937875 57.4892519346518 65 59.45985 10.29327
"287" "Norway Trifolium pratense 2013" 777.25 1.164 3.25 9 0.7416 3 0.11 39.0071367937875 57.4892519346518 65 59.66014 10.80768
"288" "Norway Trifolium pratense 2014" 620.5 1.133 4.917 15 1.1244 2 0.06 51.98566421588 55.8244607708325 65 59.41223 9.97458
"289" "Norway Trifolium pratense 2014" 825.78 2.5 3.917 7 1.1244 2 0.03 51.98566421588 55.8244607708325 65 59.44698 10.26666
"290" "Norway Trifolium pratense 2014" 907.29 1.279 3.792 7.5 1.1244 2 0.1 51.98566421588 55.8244607708325 65 59.74906 9.91034
"291" "Norway Trifolium pratense 2014" 702.33 1.625 5.542 5 1.1244 2 0.1 51.98566421588 55.8244607708325 65 59.44473 11.34291
"292" "Norway Trifolium pratense 2014" 492.69 2.141 4.625 8 1.1244 2 0.07 51.98566421588 55.8244607708325 65 59.86528 9.81098
"293" "Norway Trifolium pratense 2014" 625.25 2.406 5.125 6 1.1244 2 0.28 51.98566421588 55.8244607708325 65 59.60051 10.90869
"294" "Norway Trifolium pratense 2014" 788.25 1.609 5.208 8 1.1244 2 0.3 51.98566421588 55.8244607708325 65 59.64555 11.04743
"295" "Norway Trifolium pratense 2014" 492.5 0.469 3.292 9.5 1.1244 2 0.03 51.98566421588 55.8244607708325 65 59.53348 9.82411
"296" "Norway Trifolium pratense 2014" 725.75 1.531 5.625 6.1 1.1244 2 0.05 51.98566421588 55.8244607708325 65 59.54925 11.27731
"297" "Norway Trifolium pratense 2014" 870.25 3.469 4.375 7 1.1244 2 0.05 51.98566421588 55.8244607708325 65 59.27661 10.29127
"298" "Norway Trifolium pratense 2014" 638 1.133 3.708 9 1.1244 3 0.2 51.98566421588 55.8244607708325 65 59.55726 10.23196
"299" "Norway Trifolium pratense 2014" 406 1.203 3 10 1.1244 1 0.05 51.98566421588 55.8244607708325 65 59.30486 10.08717
"300" "Norway Trifolium pratense 2014" 461 2.391 4.625 7 1.1244 1 0.1 51.98566421588 55.8244607708325 65 59.66027 11.13237
"301" "Norway Trifolium pratense 2014" 562.75 1.281 3.625 7 1.1244 3 0.24 51.98566421588 55.8244607708325 65 59.4053 10.13418
"302" "Norway Trifolium pratense 2014" 942.5 1.813 4.083 4 1.1244 2 0.04 51.98566421588 55.8244607708325 65 59.31689 10.21765
"303" "Norway Trifolium pratense 2014" 775 1.719 4.208 5.8 1.1244 3 0.08 51.98566421588 55.8244607708325 65 59.39395 10.27644
"304" "Norway Trifolium pratense 2014" 774.5 2.953 4.458 3.9 1.1244 2 0.5 51.98566421588 55.8244607708325 65 59.29428 10.44136
"305" "Norway Trifolium pratense 2014" 1004.25 1.047 4.208 10 1.1244 3 0.13 51.98566421588 55.8244607708325 65 59.37823 10.36274
"306" "Norway Trifolium pratense 2014" 356 2.094 2.708 10 1.1244 2 0.2 51.98566421588 55.8244607708325 65 59.37179 10.11755
"307" "Norway Trifolium pratense 2014" 1272 1.375 4.917 12.5 1.1244 3 0.13 51.98566421588 55.8244607708325 65 59.65261 10.77684
"308" "Pakistan Mangifera indica 2012" 8100 0.135 6.75 16.19 0.062 0 7 28.1390134529148 55.6509298998569 65 30.261 71.549
"309" "Pakistan Mangifera indica 2012" 6950 0.111 5.75 6.47 0.062 0 10 28.1390134529148 55.6509298998569 65 30.297 71.645
"310" "Pakistan Mangifera indica 2012" 9400 0.108 7 20.24 0.062 0 10 28.1390134529148 55.6509298998569 65 30.303 71.683
"311" "Pakistan Mangifera indica 2012" 7450 0.102 7.5 10.12 0.062 0 10 28.1390134529148 55.6509298998569 65 30.306 71.657
"312" "Pakistan Mangifera indica 2012" 7700 0.134 9.25 3.64 0.062 0 10 28.1390134529148 55.6509298998569 65 30.251 71.527
"313" "Pakistan Mangifera indica 2012" 6350 0.058 5.5 4.04 0.062 0 10 28.1390134529148 55.6509298998569 65 30.218 71.566
"314" "Pakistan Mangifera indica 2012" 7850 0.134 7 12.14 0.062 0 10 28.1390134529148 55.6509298998569 65 30.276 71.621
"315" "Pakistan Mangifera indica 2012" 7100 0.094 3.75 10.12 0.062 0 10 28.1390134529148 55.6509298998569 65 30.247 71.586
"316" "Pakistan Mangifera indica 2012" 7800 0.146 7.25 2.02 0.062 0 10 28.1390134529148 55.6509298998569 65 30.278 71.635
"317" "Pakistan Mangifera indica 2012" 6500 0.059 6.25 6.68 0.062 0 10 28.1390134529148 55.6509298998569 65 30.306 71.721
"318" "Pakistan Mangifera indica 2012" 7750 0.11 6.75 11.74 0.062 0 2 28.1390134529148 55.6509298998569 65 30.296 71.454
"319" "Pakistan Mangifera indica 2012" 6800 0.111 7.5 4.85 0.062 0 5 28.1390134529148 55.6509298998569 65 30.295 71.5
"320" "Pakistan Mangifera indica 2012" 6800 0.093 6 10.12 0.062 0 10 28.1390134529148 55.6509298998569 65 30.254 71.598
"321" "Pakistan Mangifera indica 2012" 7300 0.108 6.75 6.07 0.062 0 2 28.1390134529148 55.6509298998569 65 30.297 71.457
"322" "Pakistan Mangifera indica 2012" 7350 0.072 4.75 43.72 0.062 0 10 28.1390134529148 55.6509298998569 65 30.354 71.712
"323" "Pakistan Mangifera indica 2012" 9190 0.103 7.25 4.04 0.062 0 10 28.1390134529148 55.6509298998569 65 30.305 71.69
"324" "Pakistan Mangifera indica 2012" 8800 0.111 7 2.42 0.062 0 10 28.1390134529148 55.6509298998569 65 30.31 71.697
"325" "Pakistan Mangifera indica 2012" 7450 0.112 8 20.24 0.062 0 2 28.1390134529148 55.6509298998569 65 30.295 71.454
"326" "Pakistan Mangifera indica 2012" 7300 0.141 7 8.09 0.062 0 7 28.1390134529148 55.6509298998569 65 30.25 71.527
"327" "Pakistan Mangifera indica 2012" 5250 0.062 5.5 10.12 0.062 0 10 28.1390134529148 55.6509298998569 65 30.276 71.628
"328" "Pakistan Mangifera indica 2012" 8000 0.138 6.5 10.12 0.062 0 5 28.1390134529148 55.6509298998569 65 30.278 71.496
"329" "Pakistan Mangifera indica 2012" 7150 0.077 4.75 20.24 0.062 0 3 28.1390134529148 55.6509298998569 65 30.337 71.53
"330" "Pakistan Mangifera indica 2012" 9000 0.144 6.5 50.6 0.062 2 4 28.1390134529148 55.6509298998569 65 30.276 71.495
"331" "Pakistan Mangifera indica 2012" 6900 0.09 4.75 20.24 0.062 2 3 28.1390134529148 55.6509298998569 65 30.337 71.53
"332" "Pakistan Mangifera indica 2012" 9900 0.11 6.75 14.17 0.062 2 10 28.1390134529148 55.6509298998569 65 30.354 71.712
"333" "Pakistan Mangifera indica 2012" 5850 0.062 4.5 3.23 0.062 2 10 28.1390134529148 55.6509298998569 65 30.218 71.566
"334" "Pakistan Mangifera indica 2012" 7250 0.086 5 20.24 0.062 2 1.5 28.1390134529148 55.6509298998569 65 30.336 71.488
"335" "Pakistan Mangifera indica 2012" 7200 0.091 7.75 10.12 0.062 2 1.5 28.1390134529148 55.6509298998569 65 30.295 71.45
"336" "Pakistan Mangifera indica 2012" 7100 0.148 7.75 24.29 0.062 2 10 28.1390134529148 55.6509298998569 65 30.279 71.635
"337" "Pakistan Mangifera indica 2012" 8300 0.106 4.75 10.12 0.062 2 10 28.1390134529148 55.6509298998569 65 30.307 71.655
"338" "Pakistan Mangifera indica 2012" 8150 0.07 4 4.04 0.062 2 4 28.1390134529148 55.6509298998569 65 30.314 71.519
"339" "Pakistan Mangifera indica 2012" 5600 0.052 4.75 2.47 0.062 2 10 28.1390134529148 55.6509298998569 65 30.212 71.565
"340" "Pakistan Mangifera indica 2012" 8710 0.115 7.25 16.19 0.062 2 10 28.1390134529148 55.6509298998569 65 30.35 71.73
"341" "Pakistan Mangifera indica 2012" 7300 0.083 5.25 10.12 0.062 2 5 28.1390134529148 55.6509298998569 65 30.315 71.519
"342" "Pakistan Mangifera indica 2012" 7300 0.095 5.75 2.83 0.062 2 10 28.1390134529148 55.6509298998569 65 30.247 71.587
"343" "South Africa sunflower 2011" 887.48 2.433 7.5 420.37 0.6726 2 2.5 50.4790976378014 71.9504566495684 25 -24.998 28.542
"344" "South Africa sunflower 2011" 988.08 1.151 9.5 351.56 0.6726 2 2.5 50.4790976378014 71.9504566495684 25 -25.008 28.54
"345" "South Africa sunflower 2011" 1396.56 0.948 6.5 449.5 0.6726 2 2.5 50.4790976378014 71.9504566495684 25 -25.031 28.503
"346" "South Africa sunflower 2011" 1521.83 0.682 4 174.08 0.6726 2 2.5 50.4790976378014 71.9504566495684 25 -25.01 28.399
"347" "South Africa sunflower 2011" 778.5 0.96 7.5 245.41 0.6726 2 2.5 50.4790976378014 71.9504566495684 25 -25.035 28.401
"348" "South Africa sunflower 2011" 1115.89 0.824 8 392.45 0.6726 2 1.25 50.4790976378014 71.9504566495684 25 -25.016 28.489
"349" "South Africa sunflower 2011" 1332.18 1.679 9.5 405.41 0.6726 2 1.25 50.4790976378014 71.9504566495684 25 -24.944 28.468
"350" "South Africa sunflower 2011" 1526.91 2.394 11 249.34 0.6726 2 1.25 50.4790976378014 71.9504566495684 25 -24.944 28.448
"351" "South Africa sunflower 2011" 1668.03 0.588 6.5 447.27 0.6726 2 1.25 50.4790976378014 71.9504566495684 25 -24.927 28.502
"352" "South Africa sunflower 2011" 624.78 1.488 10 137.13 0.6726 2 1.25 50.4790976378014 71.9504566495684 25 -24.929 28.561
